0.000000E+00  1.000000E+00  0.000000E+00
9.000000E-01  9.995066E-01  0.000000E+00
1.260000E+00  9.995066E-01  0.000000E+00
1.080000E+00  9.995066E-01  0.000000E+00
3.600000E-01  9.995066E-01  0.000000E+00
1.800000E-01  9.995066E-01  0.000000E+00
7.200000E-01  9.995066E-01  0.000000E+00
5.400000E-01  9.995066E-01  0.000000E+00
0.000000E+00  9.995066E-01  8.233442E-10
1.800000E-01  9.980267E-01  3.160698E-08
3.600000E-01  9.980267E-01  0.000000E+00
0.000000E+00  9.980267E-01  8.198341E-10
1.800000E-01  9.955620E-01  0.000000E+00
0.000000E+00  9.955620E-01  3.136241E-08
3.600000E-01  9.955620E-01  8.140396E-10
1.800000E-01  9.921147E-01  0.000000E+00
0.000000E+00  9.921147E-01  3.094545E-08
3.600000E-01  9.921147E-01  0.000000E+00
0.000000E+00  9.876883E-01  8.057681E-10
1.800000E-01  9.876883E-01  0.000000E+00
0.000000E+00  9.822873E-01  3.036356E-08
3.600000E-01  9.876883E-01  0.000000E+00
0.000000E+00  9.759168E-01  7.951083E-10
1.800000E-01  9.822873E-01  0.000000E+00
0.000000E+00  9.685832E-01  2.965164E-08
3.600000E-01  9.822873E-01  7.830739E-10
1.800000E-01  9.759168E-01  0.000000E+00
0.000000E+00  9.602937E-01  2.875347E-08
3.600000E-01  9.759168E-01  0.000000E+00
0.000000E+00  9.510565E-01  7.686960E-10
1.800000E-01  9.685832E-01  2.673868E-08
3.600000E-01  9.685832E-01  0.000000E+00
0.000000E+00  9.408808E-01  0.000000E+00
0.000000E+00  9.297765E-01  7.520216E-10
1.800000E-01  9.602937E-01  2.657389E-08
3.600000E-01  9.602937E-01  0.000000E+00
0.000000E+00  9.177546E-01  0.000000E+00
0.000000E+00  9.048271E-01  7.338819E-10
1.800000E-01  9.510565E-01  2.534107E-08
3.600000E-01  9.510565E-01  4.333258E-27
9.000000E-01  9.980267E-01  0.000000E+00
0.000000E+00  8.910065E-01  7.141138E-10
1.800000E-01  9.408808E-01  0.000000E+00
0.000000E+00  8.763067E-01  2.402167E-08
3.600000E-01  9.408808E-01  6.734798E-10
1.800000E-01  9.297765E-01  0.000000E+00
0.000000E+00  8.607420E-01  5.789317E-45
1.080000E+00  9.980267E-01  0.000000E+00
1.080000E+00  9.955620E-01  0.000000E+00
1.080000E+00  9.921147E-01  0.000000E+00
1.080000E+00  9.876883E-01  0.000000E+00
1.080000E+00  9.822873E-01  0.000000E+00
1.080000E+00  9.759168E-01  0.000000E+00
1.080000E+00  9.685832E-01  0.000000E+00
1.080000E+00  9.602937E-01  0.000000E+00
1.080000E+00  9.510565E-01  0.000000E+00
1.080000E+00  9.408808E-01  0.000000E+00
1.080000E+00  9.297765E-01  0.000000E+00
1.080000E+00  9.177546E-01  0.000000E+00
1.080000E+00  9.048271E-01  0.000000E+00
1.080000E+00  8.910065E-01  0.000000E+00
1.080000E+00  8.763067E-01  0.000000E+00
1.080000E+00  8.607420E-01  0.000000E+00
1.080000E+00  8.443279E-01  0.000000E+00
1.080000E+00  8.270806E-01  0.000000E+00
1.080000E+00  8.090170E-01  0.000000E+00
1.080000E+00  7.901550E-01  0.000000E+00
1.080000E+00  7.705132E-01  0.000000E+00
1.080000E+00  7.501111E-01  0.000000E+00
1.080000E+00  7.289686E-01  0.000000E+00
1.080000E+00  7.071068E-01  0.000000E+00
1.080000E+00  6.845471E-01  0.000000E+00
1.080000E+00  6.613119E-01  0.000000E+00
1.080000E+00  6.374240E-01  0.000000E+00
1.080000E+00  6.129071E-01  0.000000E+00
1.080000E+00  5.877853E-01  0.000000E+00
1.080000E+00  5.620834E-01  0.000000E+00
1.080000E+00  5.358268E-01  0.000000E+00
1.080000E+00  5.090414E-01  0.000000E+00
1.080000E+00  4.817537E-01  0.000000E+00
1.080000E+00  4.539905E-01  0.000000E+00
0.000000E+00  8.443279E-01  6.700160E-10
1.800000E-01  9.177546E-01  0.000000E+00
0.000000E+00  8.270806E-01  2.263798E-08
3.600000E-01  9.297765E-01  1.619395E-08
3.600000E-01  9.177546E-01  0.000000E+00
0.000000E+00  8.090170E-01  6.463199E-10
1.800000E-01  9.048271E-01  0.000000E+00
0.000000E+00  7.901550E-01  0.000000E+00
0.000000E+00  7.705132E-01  6.211811E-10
1.800000E-01  8.910065E-01  1.974423E-08
3.600000E-01  9.048271E-01  0.000000E+00
0.000000E+00  7.501111E-01  0.000000E+00
0.000000E+00  7.289686E-01  0.000000E+00
0.000000E+00  7.071068E-01  5.958007E-10
1.800000E-01  8.763067E-01  1.827299E-08
3.600000E-01  8.910065E-01  0.000000E+00
0.000000E+00  6.845471E-01  0.000000E+00
0.000000E+00  6.613119E-01  5.702977E-10
1.800000E-01  8.607420E-01  0.000000E+00
0.000000E+00  6.374240E-01  0.000000E+00
0.000000E+00  6.129071E-01  1.679543E-08
3.600000E-01  8.763067E-01  5.430517E-10
1.800000E-01  8.443279E-01  0.000000E+00
0.000000E+00  5.877853E-01  0.000000E+00
0.000000E+00  5.620834E-01  5.167469E-10
1.800000E-01  8.270806E-01  0.000000E+00
0.000000E+00  5.358268E-01  0.000000E+00
0.000000E+00  5.090414E-01  1.530850E-08
3.600000E-01  8.607420E-01  0.000000E+00
0.000000E+00  4.817537E-01  1.146354E-14
7.200000E-01  9.980267E-01  4.890025E-10
1.800000E-01  8.090170E-01  0.000000E+00
0.000000E+00  4.539905E-01  0.000000E+00
0.000000E+00  4.257793E-01  4.631000E-10
1.800000E-01  7.901550E-01  0.000000E+00
0.000000E+00  3.971479E-01  1.385901E-08
3.600000E-01  8.443279E-01  0.000000E+00
0.000000E+00  3.681246E-01  0.000000E+00
0.000000E+00  3.387379E-01  4.362944E-10
1.800000E-01  7.705132E-01  0.000000E+00
0.000000E+00  3.090170E-01  0.000000E+00
0.000000E+00  2.789911E-01  1.249874E-08
3.600000E-01  8.270806E-01  0.000000E+00
0.000000E+00  2.486899E-01  4.101408E-10
1.800000E-01  7.501111E-01  0.000000E+00
0.000000E+00  2.181432E-01  0.000000E+00
0.000000E+00  1.873813E-01  3.843435E-10
1.800000E-01  7.289686E-01  0.000000E+00
0.000000E+00  1.564345E-01  0.000000E+00
0.000000E+00  1.253332E-01  0.000000E+00
0.000000E+00  9.410831E-02  1.121073E-08
3.600000E-01  8.090170E-01  3.588256E-10
1.800000E-01  7.071068E-01  0.000000E+00
0.000000E+00  6.279052E-02  0.000000E+00
0.000000E+00  3.141076E-02  0.000000E+00
0.000000E+00  -1.608123E-16  3.345642E-10
1.800000E-01  6.845471E-01  0.000000E+00
2.000000E-02  1.000000E+00  6.230914E-13
2.000000E-02  9.995066E-01  6.224994E-13
2.000000E-02  9.980267E-01  9.995746E-09
3.600000E-01  7.901550E-01  1.782480E-26
9.000000E-01  9.955620E-01  3.107893E-10
1.800000E-01  6.613119E-01  6.220716E-13
2.000000E-02  9.955620E-01  6.252736E-13
2.000000E-02  9.921147E-01  6.206901E-13
2.000000E-02  9.876883E-01  2.878766E-10
1.800000E-01  6.374240E-01  6.197326E-13
2.000000E-02  9.822873E-01  6.184155E-13
2.000000E-02  9.759168E-01  6.170248E-13
2.000000E-02  9.685832E-01  8.835632E-09
3.600000E-01  7.705132E-01  2.659363E-10
1.800000E-01  6.129071E-01  6.153846E-13
2.000000E-02  9.602937E-01  6.135750E-13
2.000000E-02  9.510565E-01  2.450334E-10
1.800000E-01  5.877853E-01  6.114283E-13
2.000000E-02  9.408808E-01  6.092665E-13
2.000000E-02  9.297765E-01  6.067824E-13
2.000000E-02  9.177546E-01  7.756122E-09
3.600000E-01  7.501111E-01  6.042590E-13
2.000000E-02  9.048271E-01  2.252248E-10
1.800000E-01  5.620834E-01  2.066837E-07
5.400000E-01  9.980267E-01  6.014751E-13
2.000000E-02  8.910065E-01  5.983888E-13
2.000000E-02  8.763067E-01  2.066902E-10
1.800000E-01  5.358268E-01  5.952463E-13
2.000000E-02  8.607420E-01  6.760459E-09
3.600000E-01  7.289686E-01  5.918366E-13
2.000000E-02  8.443279E-01  1.887607E-10
1.800000E-01  5.090414E-01  3.014033E-14
7.200000E-01  9.955620E-01  5.882857E-13
2.000000E-02  8.270806E-01  5.846344E-13
2.000000E-02  8.090170E-01  5.807693E-13
2.000000E-02  7.901550E-01  1.717181E-10
1.800000E-01  4.817537E-01  5.849305E-09
3.600000E-01  7.071068E-01  4.659748E-14
1.260000E+00  9.980267E-01  5.767297E-13
2.000000E-02  7.705132E-01  5.725896E-13
2.000000E-02  7.501111E-01  5.683582E-13
2.000000E-02  7.289686E-01  5.637739E-13
2.000000E-02  7.071068E-01  1.558728E-10
1.800000E-01  4.539905E-01  5.591644E-13
2.000000E-02  6.845471E-01  5.026110E-09
3.600000E-01  6.845471E-01  5.545754E-13
2.000000E-02  6.613119E-01  5.498165E-13
2.000000E-02  6.374240E-01  5.449350E-13
2.000000E-02  6.129071E-01  5.400650E-13
2.000000E-02  5.877853E-01  1.412596E-10
1.800000E-01  4.257793E-01  4.286257E-09
3.600000E-01  6.613119E-01  5.351797E-13
2.000000E-02  5.620834E-01  5.300292E-13
2.000000E-02  5.358268E-01  5.234573E-13
2.000000E-02  5.090414E-01  5.196573E-13
2.000000E-02  4.817537E-01  8.360610E-26
9.000000E-01  9.921147E-01  1.727887E-21
1.080000E+00  4.257793E-01  1.277198E-10
1.800000E-01  3.971479E-01  3.629759E-09
3.600000E-01  6.374240E-01  5.144421E-13
2.000000E-02  4.539905E-01  5.091292E-13
2.000000E-02  4.257793E-01  5.037783E-13
2.000000E-02  3.971479E-01  4.983916E-13
2.000000E-02  3.681246E-01  4.929948E-13
2.000000E-02  3.387379E-01  1.152318E-10
1.800000E-01  3.681246E-01  3.050922E-09
3.600000E-01  6.129071E-01  4.875590E-13
2.000000E-02  3.090170E-01  4.820897E-13
2.000000E-02  2.789911E-01  4.767189E-13
2.000000E-02  2.486899E-01  4.712814E-13
2.000000E-02  2.181432E-01  4.658630E-13
2.000000E-02  1.873813E-01  1.037140E-10
1.800000E-01  3.387379E-01  2.546299E-09
3.600000E-01  5.877853E-01  4.607858E-13
2.000000E-02  1.564345E-01  4.549865E-13
2.000000E-02  1.253332E-01  4.496175E-13
2.000000E-02  9.410831E-02  4.442815E-13
2.000000E-02  6.279052E-02  9.306750E-11
1.800000E-01  3.090170E-01  4.391064E-13
2.000000E-02  3.141076E-02  2.108068E-09
3.600000E-01  5.620834E-01  4.337808E-13
2.000000E-02  -1.608123E-16  4.287030E-13
4.000000E-02  1.000000E+00  3.554499E-12
4.000000E-02  9.995066E-01  3.553238E-12
4.000000E-02  9.980267E-01  9.366515E-14
7.200000E-01  9.921147E-01  8.336534E-11
1.800000E-01  2.789911E-01  3.540536E-12
4.000000E-02  9.955620E-01  3.543169E-12
4.000000E-02  9.921147E-01  1.735989E-09
3.600000E-01  5.358268E-01  3.517677E-12
4.000000E-02  9.876883E-01  3.519735E-12
4.000000E-02  9.822873E-01  3.511026E-12
4.000000E-02  9.759168E-01  7.449240E-11
1.800000E-01  2.486899E-01  3.493846E-12
4.000000E-02  9.685832E-01  3.478158E-12
4.000000E-02  9.602937E-01  1.415231E-09
3.600000E-01  5.090414E-01  3.458541E-12
4.000000E-02  9.510565E-01  3.432663E-12
4.000000E-02  9.408808E-01  6.643948E-11
1.800000E-01  2.181432E-01  3.411907E-12
4.000000E-02  9.297765E-01  3.385225E-12
4.000000E-02  9.177546E-01  3.357334E-12
4.000000E-02  9.048271E-01  3.838581E-25
9.000000E-01  9.876883E-01  1.146705E-09
3.600000E-01  4.817537E-01  3.327055E-12
4.000000E-02  8.910065E-01  5.913884E-11
1.800000E-01  1.873813E-01  2.047245E-07
5.400000E-01  9.955620E-01  3.295331E-12
4.000000E-02  8.763067E-01  3.260720E-12
4.000000E-02  8.607420E-01  5.252406E-11
1.800000E-01  1.564345E-01  3.224916E-12
4.000000E-02  8.443279E-01  3.188870E-12
4.000000E-02  8.270806E-01  9.225515E-10
3.600000E-01  4.539905E-01  3.146960E-12
4.000000E-02  8.090170E-01  3.110457E-12
4.000000E-02  7.901550E-01  3.069411E-12
4.000000E-02  7.705132E-01  4.658985E-11
1.800000E-01  1.253332E-01  3.023879E-12
4.000000E-02  7.501111E-01  2.983444E-12
4.000000E-02  7.289686E-01  7.370449E-10
3.600000E-01  4.257793E-01  2.938734E-12
4.000000E-02  7.071068E-01  2.893370E-12
4.000000E-02  6.845471E-01  4.122312E-11
1.800000E-01  9.410831E-02  2.846981E-12
4.000000E-02  6.613119E-01  2.799799E-12
4.000000E-02  6.374240E-01  5.870048E-10
3.600000E-01  3.971479E-01  2.751531E-12
4.000000E-02  6.129071E-01  2.703237E-12
4.000000E-02  5.877853E-01  4.306408E-14
1.260000E+00  9.955620E-01  2.654739E-12
4.000000E-02  5.620834E-01  3.642522E-11
1.800000E-01  6.279052E-02  2.605647E-12
4.000000E-02  5.358268E-01  2.555869E-12
4.000000E-02  5.090414E-01  4.618609E-10
3.600000E-01  3.681246E-01  2.506216E-12
4.000000E-02  4.817537E-01  2.456717E-12
4.000000E-02  4.539905E-01  2.929042E-13
7.200000E-01  9.876883E-01  3.212694E-11
1.800000E-01  3.141076E-02  2.406525E-12
4.000000E-02  4.257793E-01  3.624917E-10
3.600000E-01  3.387379E-01  2.356603E-12
4.000000E-02  3.971479E-01  2.307659E-12
4.000000E-02  3.681246E-01  2.258330E-12
4.000000E-02  3.387379E-01  2.209246E-12
4.000000E-02  3.090170E-01  4.913268E-22
1.080000E+00  3.971479E-01  2.830405E-11
1.800000E-01  -1.608123E-16  2.815895E-10
3.600000E-01  3.090170E-01  1.623088E-24
9.000000E-01  9.822873E-01  2.161209E-12
4.000000E-02  2.789911E-01  2.112876E-12
4.000000E-02  2.486899E-01  2.065013E-12
4.000000E-02  2.181432E-01  1.982380E-12
4.000000E-02  1.873813E-01  1.936370E-12
4.000000E-02  1.564345E-01  2.489804E-11
2.000000E-01  1.000000E+00  1.891204E-12
4.000000E-02  1.253332E-01  1.421588E-09
2.000000E-01  9.995066E-01  2.157506E-10
3.600000E-01  2.789911E-01  1.845660E-12
4.000000E-02  9.410831E-02  1.418780E-09
2.000000E-01  9.980267E-01  1.802890E-12
4.000000E-02  6.279052E-02  1.761175E-12
4.000000E-02  3.141076E-02  3.845099E-14
1.260000E+00  9.921147E-01  0.000000E+00
1.260000E+00  9.876883E-01  0.000000E+00
1.260000E+00  9.822873E-01  0.000000E+00
1.260000E+00  9.759168E-01  0.000000E+00
1.260000E+00  9.685832E-01  0.000000E+00
1.260000E+00  9.602937E-01  0.000000E+00
1.260000E+00  9.510565E-01  0.000000E+00
1.260000E+00  9.408808E-01  0.000000E+00
1.260000E+00  9.297765E-01  0.000000E+00
1.260000E+00  9.177546E-01  0.000000E+00
1.260000E+00  9.048271E-01  0.000000E+00
1.260000E+00  8.910065E-01  0.000000E+00
1.260000E+00  8.763067E-01  0.000000E+00
1.260000E+00  8.607420E-01  0.000000E+00
1.260000E+00  8.443279E-01  0.000000E+00
1.260000E+00  8.270806E-01  0.000000E+00
1.260000E+00  8.090170E-01  0.000000E+00
1.260000E+00  7.901550E-01  0.000000E+00
1.260000E+00  7.705132E-01  0.000000E+00
1.260000E+00  7.501111E-01  0.000000E+00
1.260000E+00  7.289686E-01  0.000000E+00
1.260000E+00  7.071068E-01  0.000000E+00
1.260000E+00  6.845471E-01  0.000000E+00
1.260000E+00  6.613119E-01  0.000000E+00
1.260000E+00  6.374240E-01  0.000000E+00
1.260000E+00  6.129071E-01  0.000000E+00
1.260000E+00  5.877853E-01  0.000000E+00
1.260000E+00  5.620834E-01  1.412042E-09
2.000000E-01  9.955620E-01  1.718899E-12
4.000000E-02  -1.608123E-16  1.676431E-12
6.000000E-02  1.000000E+00  1.400587E-09
2.000000E-01  9.921147E-01  1.131988E-11
6.000000E-02  9.995066E-01  1.666127E-10
3.600000E-01  2.486899E-01  1.384982E-09
2.000000E-01  9.876883E-01  1.131491E-11
6.000000E-02  9.980267E-01  1.129829E-11
6.000000E-02  9.955620E-01  1.364132E-09
2.000000E-01  9.822873E-01  1.127000E-11
6.000000E-02  9.921147E-01  1.339253E-09
2.000000E-01  9.759168E-01  1.123146E-11
6.000000E-02  9.876883E-01  1.313111E-09
2.000000E-01  9.685832E-01  1.118306E-11
6.000000E-02  9.822873E-01  1.270339E-10
3.600000E-01  2.181432E-01  1.112235E-11
6.000000E-02  9.759168E-01  1.281625E-09
2.000000E-01  9.602937E-01  1.105054E-11
6.000000E-02  9.685832E-01  1.246617E-09
2.000000E-01  9.510565E-01  1.096981E-11
6.000000E-02  9.602937E-01  1.175131E-09
2.000000E-01  9.408808E-01  9.622860E-11
3.600000E-01  1.873813E-01  1.087884E-11
6.000000E-02  9.510565E-01  1.166734E-09
2.000000E-01  9.297765E-01  1.077884E-11
6.000000E-02  9.408808E-01  1.067276E-11
6.000000E-02  9.297765E-01  7.277214E-11
3.600000E-01  1.564345E-01  1.054663E-11
6.000000E-02  9.177546E-01  1.119509E-09
2.000000E-01  9.177546E-01  1.045251E-11
6.000000E-02  9.048271E-01  1.080682E-09
2.000000E-01  9.048271E-01  1.028586E-11
6.000000E-02  8.910065E-01  1.968365E-07
5.400000E-01  9.921147E-01  1.013380E-11
6.000000E-02  8.763067E-01  5.427555E-11
3.600000E-01  1.253332E-01  1.034859E-09
2.000000E-01  8.910065E-01  9.993168E-12
6.000000E-02  8.607420E-01  9.863930E-10
2.000000E-01  8.763067E-01  9.836469E-12
6.000000E-02  8.443279E-01  9.670763E-12
6.000000E-02  8.270806E-01  9.381813E-10
2.000000E-01  8.607420E-01  9.488841E-12
6.000000E-02  8.090170E-01  4.041373E-11
3.600000E-01  9.410831E-02  6.159321E-24
9.000000E-01  9.759168E-01  9.325747E-12
6.000000E-02  7.901550E-01  8.887755E-10
2.000000E-01  8.443279E-01  9.145350E-12
6.000000E-02  7.705132E-01  8.662701E-13
7.200000E-01  9.822873E-01  8.410000E-10
2.000000E-01  8.270806E-01  8.960451E-12
6.000000E-02  7.501111E-01  8.775061E-12
6.000000E-02  7.289686E-01  2.996612E-11
3.600000E-01  6.279052E-02  7.919849E-10
2.000000E-01  8.090170E-01  8.581358E-12
6.000000E-02  7.071068E-01  8.387137E-12
6.000000E-02  6.845471E-01  7.434973E-10
2.000000E-01  7.901550E-01  8.190880E-12
6.000000E-02  6.613119E-01  2.210631E-11
3.600000E-01  3.141076E-02  7.829754E-12
6.000000E-02  6.374240E-01  4.394426E-27
1.260000E+00  5.358268E-01  7.630128E-12
6.000000E-02  6.129071E-01  7.429881E-12
6.000000E-02  5.877853E-01  6.941406E-10
2.000000E-01  7.705132E-01  7.227838E-12
6.000000E-02  5.620834E-01  7.023029E-12
6.000000E-02  5.358268E-01  1.623500E-11
3.600000E-01  -1.608123E-16  6.825199E-12
6.000000E-02  5.090414E-01  6.485633E-10
2.000000E-01  7.501111E-01  6.691592E-12
6.000000E-02  4.817537E-01  6.571665E-12
6.000000E-02  4.539905E-01  6.027779E-10
2.000000E-01  7.289686E-01  1.186631E-11
3.800000E-01  1.000000E+00  6.382714E-12
6.000000E-02  4.257793E-01  4.080607E-08
3.800000E-01  9.995066E-01  6.193107E-12
6.000000E-02  3.971479E-01  4.070584E-08
3.800000E-01  9.980267E-01  5.584043E-10
2.000000E-01  7.071068E-01  5.997389E-12
6.000000E-02  3.681246E-01  4.036700E-08
3.800000E-01  9.955620E-01  5.806549E-12
6.000000E-02  3.387379E-01  3.979697E-08
3.800000E-01  9.921147E-01  5.156417E-10
2.000000E-01  6.845471E-01  3.902475E-08
3.800000E-01  9.876883E-01  5.613899E-12
6.000000E-02  3.090170E-01  3.804801E-08
3.800000E-01  9.822873E-01  5.424090E-12
6.000000E-02  2.789911E-01  3.687672E-08
3.800000E-01  9.759168E-01  5.255959E-12
6.000000E-02  2.486899E-01  3.420621E-08
3.800000E-01  9.685832E-01  4.746453E-10
2.000000E-01  6.613119E-01  5.078656E-12
6.000000E-02  2.181432E-01  3.397100E-08
3.800000E-01  9.602937E-01  4.896197E-12
6.000000E-02  1.873813E-01  4.362434E-10
2.000000E-01  6.374240E-01  3.233165E-08
3.800000E-01  9.510565E-01  2.350288E-08
3.800000E-01  9.408808E-01  4.735408E-12
6.000000E-02  1.564345E-01  4.558709E-12
6.000000E-02  1.253332E-01  3.989861E-10
2.000000E-01  6.129071E-01  9.791022E-23
1.080000E+00  3.681246E-01  2.873813E-08
3.800000E-01  9.297765E-01  4.409037E-12
6.000000E-02  9.410831E-02  2.069546E-23
9.000000E-01  9.685832E-01  4.252062E-12
6.000000E-02  6.279052E-02  2.683812E-08
3.800000E-01  9.177546E-01  3.630428E-10
2.000000E-01  5.877853E-01  4.099337E-12
6.000000E-02  3.141076E-02  1.950241E-07
5.400000E-01  9.876883E-01  3.950419E-12
6.000000E-02  -1.608123E-16  2.489725E-08
3.800000E-01  9.048271E-01  3.806564E-12
8.000000E-02  1.000000E+00  2.844437E-11
8.000000E-02  9.995066E-01  2.840777E-11
8.000000E-02  9.980267E-01  3.293032E-10
2.000000E-01  5.620834E-01  2.297946E-08
3.800000E-01  8.910065E-01  2.835582E-11
8.000000E-02  9.955620E-01  2.825634E-11
8.000000E-02  9.921147E-01  2.813409E-11
8.000000E-02  9.876883E-01  2.104889E-08
3.800000E-01  8.763067E-01  2.797295E-11
8.000000E-02  9.822873E-01  2.982381E-10
2.000000E-01  5.358268E-01  2.777753E-11
8.000000E-02  9.759168E-01  2.754891E-11
8.000000E-02  9.685832E-01  2.728818E-11
8.000000E-02  9.602937E-01  1.911749E-08
3.800000E-01  8.607420E-01  2.699288E-11
8.000000E-02  9.510565E-01  2.362498E-12
7.200000E-01  9.759168E-01  2.693081E-10
2.000000E-01  5.090414E-01  2.666672E-11
8.000000E-02  9.408808E-01  1.729245E-08
3.800000E-01  8.443279E-01  1.872959E-07
5.400000E-01  9.822873E-01  2.632045E-11
8.000000E-02  9.297765E-01  2.594158E-11
8.000000E-02  9.177546E-01  2.550299E-11
8.000000E-02  9.048271E-01  2.423539E-10
2.000000E-01  4.817537E-01  2.512550E-11
8.000000E-02  8.910065E-01  1.546588E-08
3.800000E-01  8.270806E-01  2.466714E-11
8.000000E-02  8.763067E-01  2.418725E-11
8.000000E-02  8.607420E-01  2.369086E-11
8.000000E-02  8.443279E-01  2.178734E-10
2.000000E-01  4.539905E-01  1.374829E-08
3.800000E-01  8.090170E-01  2.315226E-11
8.000000E-02  8.270806E-01  2.262024E-11
8.000000E-02  8.090170E-01  4.959141E-28
1.260000E+00  5.090414E-01  2.207752E-11
8.000000E-02  7.901550E-01  2.106392E-11
8.000000E-02  7.705132E-01  1.949321E-10
2.000000E-01  4.257793E-01  2.048495E-11
8.000000E-02  7.501111E-01  1.218804E-08
3.800000E-01  7.901550E-01  6.107750E-23
9.000000E-01  9.602937E-01  1.990339E-11
8.000000E-02  7.289686E-01  1.931675E-11
8.000000E-02  7.071068E-01  1.920108E-11
8.000000E-02  6.845471E-01  1.067614E-08
3.800000E-01  7.705132E-01  1.861354E-11
8.000000E-02  6.613119E-01  1.739694E-10
2.000000E-01  3.971479E-01  1.801262E-11
8.000000E-02  6.374240E-01  1.742067E-11
8.000000E-02  6.129071E-01  9.306038E-09
3.800000E-01  7.501111E-01  1.680455E-11
8.000000E-02  5.877853E-01  1.623603E-11
8.000000E-02  5.620834E-01  1.548116E-10
2.000000E-01  3.681246E-01  1.564805E-11
8.000000E-02  5.358268E-01  8.048747E-09
3.800000E-01  7.289686E-01  1.507744E-11
8.000000E-02  5.090414E-01  1.449667E-11
8.000000E-02  4.817537E-01  1.390168E-11
8.000000E-02  4.539905E-01  1.373600E-10
2.000000E-01  3.387379E-01  6.907189E-09
3.800000E-01  7.071068E-01  1.337639E-11
8.000000E-02  4.257793E-01  1.283133E-11
8.000000E-02  3.971479E-01  1.229859E-11
8.000000E-02  3.681246E-01  5.881473E-09
3.800000E-01  6.845471E-01  1.178171E-11
8.000000E-02  3.387379E-01  1.215263E-10
2.000000E-01  3.090170E-01  1.125850E-11
8.000000E-02  3.090170E-01  1.077920E-11
8.000000E-02  2.789911E-01  4.972760E-09
3.800000E-01  6.613119E-01  1.030100E-11
8.000000E-02  2.486899E-01  1.072844E-10
2.000000E-01  2.789911E-01  9.830290E-12
8.000000E-02  2.181432E-01  9.384972E-12
8.000000E-02  1.873813E-01  1.904250E-23
1.080000E+00  3.387379E-01  5.862109E-12
7.200000E-01  9.685832E-01  8.949964E-12
8.000000E-02  1.564345E-01  4.162822E-09
3.800000E-01  6.374240E-01  8.528215E-12
8.000000E-02  1.253332E-01  9.439771E-11
2.000000E-01  2.486899E-01  1.575254E-22
9.000000E-01  9.510565E-01  8.124849E-12
8.000000E-02  9.410831E-02  7.736776E-12
8.000000E-02  6.279052E-02  7.361798E-12
8.000000E-02  3.141076E-02  3.460779E-09
3.800000E-01  6.129071E-01  7.003276E-12
8.000000E-02  -1.608123E-16  8.293949E-11
2.000000E-01  2.181432E-01  6.659684E-12
1.000000E-01  1.000000E+00  6.285302E-11
1.000000E-01  9.995066E-01  6.279087E-11
1.000000E-01  9.980267E-01  2.853514E-09
3.800000E-01  5.877853E-01  1.785532E-07
5.400000E-01  9.759168E-01  6.265092E-11
1.000000E-01  9.955620E-01  6.239779E-11
1.000000E-01  9.921147E-01  7.265641E-11
2.000000E-01  1.873813E-01  6.204393E-11
1.000000E-01  9.876883E-01  6.161642E-11
1.000000E-01  9.822873E-01  6.107225E-11
1.000000E-01  9.759168E-01  2.335908E-09
3.800000E-01  5.620834E-01  6.046114E-11
1.000000E-01  9.685832E-01  6.350429E-11
2.000000E-01  1.564345E-01  5.977992E-11
1.000000E-01  9.602937E-01  1.903372E-09
3.800000E-01  5.358268E-01  5.890889E-11
1.000000E-01  9.510565E-01  5.809541E-11
1.000000E-01  9.408808E-01  5.714029E-11
1.000000E-01  9.297765E-01  1.535952E-09
3.800000E-01  5.090414E-01  5.615623E-11
1.000000E-01  9.177546E-01  5.541449E-11
2.000000E-01  1.253332E-01  5.507634E-11
1.000000E-01  9.048271E-01  5.390777E-11
1.000000E-01  8.910065E-01  1.226341E-09
3.800000E-01  4.817537E-01  5.267647E-11
1.000000E-01  8.763067E-01  5.139710E-11
1.000000E-01  8.607420E-01  4.821905E-11
2.000000E-01  9.410831E-02  5.011519E-11
1.000000E-01  8.443279E-01  9.719331E-10
3.800000E-01  4.539905E-01  4.765725E-11
1.000000E-01  8.270806E-01  4.623778E-11
1.000000E-01  8.090170E-01  4.481346E-11
1.000000E-01  7.901550E-01  5.532869E-29
1.260000E+00  4.817537E-01  3.184211E-24
1.080000E+00  3.090170E-01  3.539073E-22
9.000000E-01  9.408808E-01  0.000000E+00
9.000000E-01  9.297765E-01  0.000000E+00
9.000000E-01  9.177546E-01  0.000000E+00
9.000000E-01  9.048271E-01  0.000000E+00
9.000000E-01  8.910065E-01  0.000000E+00
9.000000E-01  8.763067E-01  0.000000E+00
9.000000E-01  8.607420E-01  0.000000E+00
9.000000E-01  8.443279E-01  0.000000E+00
9.000000E-01  8.270806E-01  0.000000E+00
9.000000E-01  8.090170E-01  0.000000E+00
9.000000E-01  7.901550E-01  0.000000E+00
9.000000E-01  7.705132E-01  0.000000E+00
9.000000E-01  7.501111E-01  0.000000E+00
9.000000E-01  7.289686E-01  0.000000E+00
9.000000E-01  7.071068E-01  0.000000E+00
9.000000E-01  6.845471E-01  0.000000E+00
9.000000E-01  6.613119E-01  0.000000E+00
9.000000E-01  6.374240E-01  0.000000E+00
9.000000E-01  6.129071E-01  0.000000E+00
9.000000E-01  5.877853E-01  0.000000E+00
9.000000E-01  5.620834E-01  0.000000E+00
9.000000E-01  5.358268E-01  0.000000E+00
9.000000E-01  5.090414E-01  0.000000E+00
9.000000E-01  4.817537E-01  0.000000E+00
9.000000E-01  4.539905E-01  0.000000E+00
9.000000E-01  4.257793E-01  4.454475E-11
1.000000E-01  7.705132E-01  7.644179E-10
3.800000E-01  4.257793E-01  4.187566E-11
2.000000E-01  6.279052E-02  4.309191E-11
1.000000E-01  7.501111E-01  4.160861E-11
1.000000E-01  7.289686E-01  5.966022E-10
3.800000E-01  3.971479E-01  4.010722E-11
1.000000E-01  7.071068E-01  3.864850E-11
1.000000E-01  6.845471E-01  3.630260E-11
2.000000E-01  3.141076E-02  3.716889E-11
1.000000E-01  6.613119E-01  4.618940E-10
3.800000E-01  3.681246E-01  3.567135E-11
1.000000E-01  6.374240E-01  3.422532E-11
1.000000E-01  6.129071E-01  3.548846E-10
3.800000E-01  3.387379E-01  3.142095E-11
2.000000E-01  -1.608123E-16  3.278867E-11
1.000000E-01  5.877853E-01  3.133388E-11
1.000000E-01  5.620834E-01  1.315205E-11
7.200000E-01  9.602937E-01  2.991507E-11
1.000000E-01  5.358268E-01  2.706894E-10
3.800000E-01  3.090170E-01  2.853670E-11
1.000000E-01  5.090414E-01  2.724983E-25
1.080000E+00  2.789911E-01  2.716659E-11
2.200000E-01  1.000000E+00  2.361953E-09
2.200000E-01  9.995066E-01  2.717667E-11
1.000000E-01  4.817537E-01  2.358225E-09
2.200000E-01  9.980267E-01  2.049478E-10
3.800000E-01  2.789911E-01  2.585415E-11
1.000000E-01  4.539905E-01  2.345197E-09
2.200000E-01  9.955620E-01  2.456314E-11
1.000000E-01  4.257793E-01  2.327072E-09
2.200000E-01  9.921147E-01  2.296344E-09
2.200000E-01  9.876883E-01  2.330887E-11
1.000000E-01  3.971479E-01  2.209953E-11
1.000000E-01  3.681246E-01  2.264757E-09
2.200000E-01  9.822873E-01  2.092642E-11
1.000000E-01  3.387379E-01  1.528149E-10
3.800000E-01  2.486899E-01  2.215439E-09
2.200000E-01  9.759168E-01  1.977924E-11
1.000000E-01  3.090170E-01  2.164636E-09
2.200000E-01  9.685832E-01  1.871012E-11
1.000000E-01  2.789911E-01  2.107195E-09
2.200000E-01  9.602937E-01  1.984564E-09
2.200000E-01  9.510565E-01  1.766066E-11
1.000000E-01  2.486899E-01  1.975089E-09
2.200000E-01  9.408808E-01  1.141168E-10
3.800000E-01  2.181432E-01  1.707351E-07
5.400000E-01  9.685832E-01  1.666224E-11
1.000000E-01  2.181432E-01  1.903444E-09
2.200000E-01  9.297765E-01  1.569571E-11
1.000000E-01  1.873813E-01  1.825641E-09
2.200000E-01  9.177546E-01  1.484338E-11
1.000000E-01  1.564345E-01  1.741494E-09
2.200000E-01  9.048271E-01  8.466662E-11
3.800000E-01  1.873813E-01  1.389674E-11
1.000000E-01  1.253332E-01  1.661003E-09
2.200000E-01  8.910065E-01  1.305864E-11
1.000000E-01  9.410831E-02  1.576340E-09
2.200000E-01  8.763067E-01  1.227266E-11
1.000000E-01  6.279052E-02  6.240590E-11
3.800000E-01  1.564345E-01  1.151943E-11
1.000000E-01  3.141076E-02  1.490409E-09
2.200000E-01  8.607420E-01  1.080664E-11
1.000000E-01  -1.608123E-16  5.166045E-30
1.260000E+00  4.539905E-01  1.405504E-09
2.200000E-01  8.443279E-01  1.013188E-11
1.200000E-01  1.000000E+00  1.320649E-09
2.200000E-01  8.270806E-01  1.284609E-10
1.200000E-01  9.995066E-01  4.572768E-11
3.800000E-01  1.253332E-01  1.283515E-10
1.200000E-01  9.980267E-01  1.279775E-10
1.200000E-01  9.955620E-01  1.274336E-10
1.200000E-01  9.921147E-01  1.233104E-09
2.200000E-01  8.090170E-01  1.265356E-10
1.200000E-01  9.876883E-01  1.254788E-10
1.200000E-01  9.822873E-01  1.151550E-09
2.200000E-01  7.901550E-01  1.242239E-10
1.200000E-01  9.759168E-01  3.331319E-11
3.800000E-01  9.410831E-02  1.226934E-10
1.200000E-01  9.685832E-01  1.957035E-16
9.000000E-01  3.971479E-01  1.209815E-10
1.200000E-01  9.602937E-01  1.069972E-09
2.200000E-01  7.705132E-01  1.190619E-10
1.200000E-01  9.510565E-01  9.899391E-10
2.200000E-01  7.501111E-01  1.169584E-10
1.200000E-01  9.408808E-01  2.420421E-11
3.800000E-01  6.279052E-02  1.147671E-10
1.200000E-01  9.297765E-01  9.124381E-10
2.200000E-01  7.289686E-01  1.122921E-10
1.200000E-01  9.177546E-01  1.096356E-10
1.200000E-01  9.048271E-01  8.397468E-10
2.200000E-01  7.071068E-01  1.068879E-10
1.200000E-01  8.910065E-01  1.738853E-11
3.800000E-01  3.141076E-02  1.016121E-10
1.200000E-01  8.763067E-01  7.684036E-10
2.200000E-01  6.845471E-01  9.856703E-11
1.200000E-01  8.607420E-01  2.653566E-11
7.200000E-01  9.510565E-01  9.542842E-11
1.200000E-01  8.443279E-01  9.487140E-11
1.200000E-01  8.270806E-01  1.247416E-11
3.800000E-01  -1.608123E-16  6.976028E-10
2.200000E-01  6.613119E-01  9.147185E-11
1.200000E-01  8.090170E-01  8.855869E-11
1.200000E-01  7.901550E-01  8.503286E-11
1.200000E-01  7.705132E-01  6.341106E-10
2.200000E-01  6.374240E-01  6.857531E-26
1.080000E+00  2.486899E-01  8.170355E-11
1.200000E-01  7.501111E-01  8.910009E-12
4.000000E-01  1.000000E+00  5.137258E-08
4.000000E-01  9.995066E-01  7.835021E-11
1.200000E-01  7.289686E-01  5.122848E-08
4.000000E-01  9.980267E-01  5.077966E-08
4.000000E-01  9.955620E-01  7.500527E-11
1.200000E-01  7.071068E-01  5.008257E-08
4.000000E-01  9.921147E-01  7.167101E-11
1.200000E-01  6.845471E-01  5.740228E-10
2.200000E-01  6.129071E-01  4.904854E-08
4.000000E-01  9.876883E-01  5.025485E-31
1.260000E+00  4.257793E-01  6.837686E-11
1.200000E-01  6.613119E-01  4.777451E-08
4.000000E-01  9.822873E-01  4.618646E-08
4.000000E-01  9.759168E-01  6.509906E-11
1.200000E-01  6.374240E-01  4.281147E-08
4.000000E-01  9.685832E-01  3.271291E-08
4.000000E-01  9.602937E-01  5.178028E-10
2.200000E-01  5.877853E-01  1.602363E-07
5.400000E-01  9.602937E-01  6.187768E-11
1.200000E-01  6.129071E-01  4.035471E-08
4.000000E-01  9.510565E-01  5.872465E-11
1.200000E-01  5.877853E-01  3.807812E-08
4.000000E-01  9.408808E-01  5.562411E-11
1.200000E-01  5.620834E-01  4.653262E-10
2.200000E-01  5.620834E-01  3.571671E-08
4.000000E-01  9.297765E-01  5.248248E-11
1.200000E-01  5.358268E-01  3.325384E-08
4.000000E-01  9.177546E-01  4.967153E-11
1.200000E-01  5.090414E-01  4.165831E-10
2.200000E-01  5.358268E-01  3.075278E-08
4.000000E-01  9.048271E-01  4.684720E-11
1.200000E-01  4.817537E-01  4.408213E-11
1.200000E-01  4.539905E-01  2.826777E-08
4.000000E-01  8.910065E-01  4.142126E-11
1.200000E-01  4.257793E-01  3.719577E-10
2.200000E-01  5.090414E-01  2.579260E-08
4.000000E-01  8.763067E-01  3.885042E-11
1.200000E-01  3.971479E-01  7.797791E-27
1.080000E+00  2.181432E-01  3.639541E-11
1.200000E-01  3.681246E-01  2.336552E-08
4.000000E-01  8.607420E-01  3.406922E-11
1.200000E-01  3.387379E-01  3.306645E-10
2.200000E-01  4.817537E-01  3.184423E-11
1.200000E-01  3.090170E-01  2.097102E-08
4.000000E-01  8.443279E-01  4.620407E-17
9.000000E-01  3.681246E-01  2.976641E-11
1.200000E-01  2.789911E-01  2.931725E-10
2.200000E-01  4.539905E-01  2.770104E-11
1.200000E-01  2.486899E-01  1.870822E-08
4.000000E-01  8.270806E-01  2.578003E-11
1.200000E-01  2.181432E-01  2.589688E-10
2.200000E-01  4.257793E-01  3.674883E-32
1.260000E+00  3.971479E-01  2.397295E-11
1.200000E-01  1.873813E-01  4.808716E-11
7.200000E-01  9.408808E-01  1.656137E-08
4.000000E-01  8.090170E-01  2.226251E-11
1.200000E-01  1.564345E-01  2.288723E-10
2.200000E-01  3.971479E-01  2.065483E-11
1.200000E-01  1.253332E-01  1.456054E-08
4.000000E-01  7.901550E-01  1.914442E-11
1.200000E-01  9.410831E-02  1.268175E-08
4.000000E-01  7.705132E-01  1.772573E-11
1.200000E-01  6.279052E-02  2.000609E-10
2.200000E-01  3.681246E-01  1.010114E-27
1.080000E+00  1.873813E-01  1.640221E-11
1.200000E-01  3.141076E-02  1.094639E-08
4.000000E-01  7.501111E-01  1.516480E-11
1.200000E-01  -1.608123E-16  1.749641E-10
2.200000E-01  3.387379E-01  1.401130E-11
1.400000E-01  1.000000E+00  9.386682E-09
4.000000E-01  7.289686E-01  2.487856E-10
1.400000E-01  9.995066E-01  2.482930E-10
1.400000E-01  9.980267E-01  2.475396E-10
1.400000E-01  9.955620E-01  7.989173E-09
4.000000E-01  7.071068E-01  2.463290E-10
1.400000E-01  9.921147E-01  1.525517E-10
2.200000E-01  3.090170E-01  2.444801E-10
1.400000E-01  9.876883E-01  1.497562E-07
5.400000E-01  9.510565E-01  2.419971E-10
1.400000E-01  9.822873E-01  2.391292E-10
1.400000E-01  9.759168E-01  6.734276E-09
4.000000E-01  6.845471E-01  2.357280E-10
1.400000E-01  9.685832E-01  1.314236E-10
2.200000E-01  2.789911E-01  2.318695E-10
1.400000E-01  9.602937E-01  5.659330E-09
4.000000E-01  6.613119E-01  2.275985E-10
1.400000E-01  9.510565E-01  2.228464E-10
1.400000E-01  9.408808E-01  2.183539E-10
1.400000E-01  9.297765E-01  4.695512E-09
4.000000E-01  6.374240E-01  1.149282E-10
2.200000E-01  2.486899E-01  2.123184E-10
1.400000E-01  9.177546E-01  2.015891E-10
1.400000E-01  9.048271E-01  1.952786E-10
1.400000E-01  8.910065E-01  3.859184E-09
4.000000E-01  6.129071E-01  1.943001E-10
1.400000E-01  8.763067E-01  1.877604E-10
1.400000E-01  8.607420E-01  1.811178E-10
1.400000E-01  8.443279E-01  3.145972E-09
4.000000E-01  5.877853E-01  9.939787E-11
2.200000E-01  2.181432E-01  1.742645E-10
1.400000E-01  8.270806E-01  1.673050E-10
1.400000E-01  8.090170E-01  1.602960E-10
1.400000E-01  7.901550E-01  2.523952E-09
4.000000E-01  5.620834E-01  1.532788E-10
1.400000E-01  7.705132E-01  8.559531E-11
2.200000E-01  1.873813E-01  1.462322E-10
1.400000E-01  7.501111E-01  1.391653E-10
1.400000E-01  7.289686E-01  2.020820E-09
4.000000E-01  5.358268E-01  2.543344E-28
1.080000E+00  1.564345E-01  1.320166E-10
1.400000E-01  7.071068E-01  7.357337E-11
2.200000E-01  1.564345E-01  1.104738E-17
9.000000E-01  3.387379E-01  1.252994E-10
1.400000E-01  6.845471E-01  1.413135E-07
5.400000E-01  9.408808E-01  7.821258E-11
7.200000E-01  9.297765E-01  1.603840E-09
4.000000E-01  5.090414E-01  1.185145E-10
1.400000E-01  6.613119E-01  1.119055E-10
1.400000E-01  6.374240E-01  6.311385E-11
2.200000E-01  1.253332E-01  1.053360E-10
1.400000E-01  6.129071E-01  1.262246E-09
4.000000E-01  4.817537E-01  9.906800E-11
1.400000E-01  5.877853E-01  9.288809E-11
1.400000E-01  5.620834E-01  5.396256E-11
2.200000E-01  9.410831E-02  3.005277E-33
1.260000E+00  3.681246E-01  9.843790E-10
4.000000E-01  4.539905E-01  8.693755E-11
1.400000E-01  5.358268E-01  8.126509E-11
1.400000E-01  5.090414E-01  4.620187E-11
2.200000E-01  6.279052E-02  7.615035E-10
4.000000E-01  4.257793E-01  7.578345E-11
1.400000E-01  4.817537E-01  7.052765E-11
1.400000E-01  4.539905E-01  3.923997E-11
2.200000E-01  3.141076E-02  6.553489E-11
1.400000E-01  4.257793E-01  5.840955E-10
4.000000E-01  3.971479E-01  6.077605E-11
1.400000E-01  3.971479E-01  3.333958E-11
2.200000E-01  -1.608123E-16  5.627262E-11
1.400000E-01  3.681246E-01  4.442731E-10
4.000000E-01  3.681246E-01  5.197777E-11
1.400000E-01  3.387379E-01  4.791889E-11
1.400000E-01  3.090170E-01  2.828195E-11
2.400000E-01  1.000000E+00  3.788820E-09
2.400000E-01  9.995066E-01  3.351354E-10
4.000000E-01  3.387379E-01  3.780804E-09
2.400000E-01  9.980267E-01  4.416358E-11
1.400000E-01  2.789911E-01  3.758632E-09
2.400000E-01  9.955620E-01  1.567617E-34
1.260000E+00  3.387379E-01  3.723144E-09
2.400000E-01  9.921147E-01  4.061823E-11
1.400000E-01  2.486899E-01  3.671753E-09
2.400000E-01  9.876883E-01  3.607824E-09
2.400000E-01  9.822873E-01  2.507313E-10
4.000000E-01  3.090170E-01  3.730118E-11
1.400000E-01  2.181432E-01  3.531438E-09
2.400000E-01  9.759168E-01  2.003479E-17
9.000000E-01  3.090170E-01  3.417570E-09
2.400000E-01  9.685832E-01  3.420706E-11
1.400000E-01  1.873813E-01  3.342861E-09
2.400000E-01  9.602937E-01  3.132735E-09
2.400000E-01  9.510565E-01  1.861578E-10
4.000000E-01  2.789911E-01  3.116600E-09
2.400000E-01  9.408808E-01  3.134867E-11
1.400000E-01  1.564345E-01  2.991117E-09
2.400000E-01  9.297765E-01  2.863374E-11
1.400000E-01  1.253332E-01  2.856778E-09
2.400000E-01  9.177546E-01  1.371564E-10
4.000000E-01  2.486899E-01  2.721351E-09
2.400000E-01  9.048271E-01  2.619847E-11
1.400000E-01  9.410831E-02  4.734238E-36
1.260000E+00  3.090170E-01  2.574269E-09
2.400000E-01  8.910065E-01  1.141922E-10
7.200000E-01  9.177546E-01  1.269568E-07
5.400000E-01  9.297765E-01  2.381734E-11
1.400000E-01  6.279052E-02  2.432050E-09
2.400000E-01  8.763067E-01  1.003332E-10
4.000000E-01  2.181432E-01  2.293167E-09
2.400000E-01  8.607420E-01  3.732794E-29
1.080000E+00  1.253332E-01  2.174144E-11
1.400000E-01  3.141076E-02  2.143751E-09
2.400000E-01  8.443279E-01  1.979467E-11
1.400000E-01  -1.608123E-16  7.284331E-11
4.000000E-01  1.873813E-01  1.999490E-09
2.400000E-01  8.270806E-01  1.800664E-11
1.600000E-01  1.000000E+00  4.615582E-10
1.600000E-01  9.995066E-01  4.605559E-10
1.600000E-01  9.980267E-01  1.859765E-09
2.400000E-01  8.090170E-01  5.252657E-11
4.000000E-01  1.564345E-01  4.591120E-10
1.600000E-01  9.955620E-01  4.561649E-10
1.600000E-01  9.921147E-01  1.723148E-09
2.400000E-01  7.901550E-01  4.521568E-10
1.600000E-01  9.876883E-01  4.436702E-10
1.600000E-01  9.822873E-01  1.586211E-09
2.400000E-01  7.705132E-01  4.409704E-10
1.600000E-01  9.759168E-01  3.762613E-11
4.000000E-01  1.253332E-01  4.337725E-10
1.600000E-01  9.685832E-01  1.457140E-09
2.400000E-01  7.501111E-01  4.255105E-10
1.600000E-01  9.602937E-01  4.164563E-10
1.600000E-01  9.510565E-01  4.065268E-10
1.600000E-01  9.408808E-01  1.330464E-09
2.400000E-01  7.289686E-01  2.678099E-11
4.000000E-01  9.410831E-02  3.958698E-10
1.600000E-01  9.297765E-01  3.744715E-10
1.600000E-01  9.177546E-01  3.620030E-10
1.600000E-01  9.048271E-01  1.211493E-09
2.400000E-01  7.071068E-01  3.600602E-10
1.600000E-01  8.910065E-01  3.468817E-10
1.600000E-01  8.763067E-01  1.897512E-11
4.000000E-01  6.279052E-02  3.336625E-10
1.600000E-01  8.607420E-01  1.099839E-09
2.400000E-01  6.845471E-01  3.199069E-10
1.600000E-01  8.443279E-01  3.053292E-10
1.600000E-01  8.270806E-01  1.331857E-11
4.000000E-01  3.141076E-02  2.917953E-10
1.600000E-01  8.090170E-01  2.780742E-10
1.600000E-01  7.901550E-01  9.931164E-10
2.400000E-01  6.613119E-01  2.634159E-10
1.600000E-01  7.705132E-01  9.327121E-12
4.000000E-01  -1.608123E-16  2.498225E-10
1.600000E-01  7.501111E-01  2.957106E-18
9.000000E-01  2.789911E-01  8.940232E-10
2.400000E-01  6.374240E-01  2.359662E-10
1.600000E-01  7.289686E-01  6.498951E-12
4.200000E-01  1.000000E+00  6.346963E-08
4.200000E-01  9.995066E-01  2.220872E-10
1.600000E-01  7.071068E-01  8.007064E-10
2.400000E-01  6.129071E-01  6.327280E-08
4.200000E-01  9.980267E-01  6.271856E-08
4.200000E-01  9.955620E-01  1.082564E-36
1.260000E+00  2.789911E-01  2.089642E-10
1.600000E-01  6.845471E-01  1.497291E-10
7.200000E-01  9.048271E-01  6.182560E-08
4.200000E-01  9.921147E-01  6.049187E-08
4.200000E-01  9.876883E-01  1.959265E-10
1.600000E-01  6.613119E-01  1.161371E-07
5.400000E-01  9.177546E-01  7.144222E-10
2.400000E-01  5.877853E-01  5.881650E-08
4.200000E-01  9.822873E-01  4.347921E-08
4.200000E-01  9.759168E-01  5.258191E-08
4.200000E-01  9.685832E-01  1.832294E-10
1.600000E-01  6.374240E-01  5.211055E-08
4.200000E-01  9.602937E-01  1.709690E-10
1.600000E-01  6.129071E-01  4.940383E-08
4.200000E-01  9.510565E-01  6.348450E-10
2.400000E-01  5.620834E-01  1.590509E-10
1.600000E-01  5.877853E-01  4.650891E-08
4.200000E-01  9.408808E-01  1.479218E-10
1.600000E-01  5.620834E-01  4.351996E-08
4.200000E-01  9.297765E-01  5.615648E-10
2.400000E-01  5.358268E-01  1.260546E-30
1.080000E+00  9.410831E-02  1.367517E-10
1.600000E-01  5.358268E-01  4.043847E-08
4.200000E-01  9.177546E-01  1.264470E-10
1.600000E-01  5.090414E-01  3.727482E-08
4.200000E-01  9.048271E-01  4.949890E-10
2.400000E-01  5.090414E-01  1.166228E-10
1.600000E-01  4.817537E-01  3.412927E-08
4.200000E-01  8.910065E-01  1.072661E-10
1.600000E-01  4.539905E-01  3.101053E-08
4.200000E-01  8.763067E-01  4.352164E-10
2.400000E-01  4.817537E-01  9.852830E-11
1.600000E-01  4.257793E-01  2.796847E-08
4.200000E-01  8.607420E-01  9.021854E-11
1.600000E-01  3.971479E-01  3.807579E-10
2.400000E-01  4.539905E-01  2.502783E-08
4.200000E-01  8.443279E-01  8.260903E-11
1.600000E-01  3.681246E-01  7.520903E-11
1.600000E-01  3.387379E-01  3.317747E-10
2.400000E-01  4.257793E-01  2.220769E-08
4.200000E-01  8.270806E-01  6.840678E-11
1.600000E-01  3.090170E-01  8.799231E-38
1.260000E+00  2.486899E-01  1.952093E-08
4.200000E-01  8.090170E-01  2.881313E-10
2.400000E-01  3.971479E-01  6.219816E-11
1.600000E-01  2.789911E-01  1.706786E-08
4.200000E-01  7.901550E-01  5.638244E-11
1.600000E-01  2.486899E-01  1.477196E-08
4.200000E-01  7.705132E-01  2.490637E-10
2.400000E-01  3.681246E-01  5.105556E-11
1.600000E-01  2.181432E-01  1.267666E-08
4.200000E-01  7.501111E-01  1.764224E-10
7.200000E-01  8.910065E-01  8.577584E-19
9.000000E-01  2.486899E-01  1.078272E-08
4.200000E-01  7.289686E-01  4.613351E-11
1.600000E-01  1.873813E-01  2.147080E-10
2.400000E-01  3.387379E-01  9.093784E-09
4.200000E-01  7.071068E-01  1.049248E-07
5.400000E-01  9.048271E-01  4.162090E-11
1.600000E-01  1.564345E-01  7.598644E-09
4.200000E-01  6.845471E-01  1.843582E-10
2.400000E-01  3.090170E-01  6.291882E-09
4.200000E-01  6.613119E-01  3.741244E-11
1.600000E-01  1.253332E-01  1.577393E-10
2.400000E-01  2.789911E-01  3.364559E-11
1.600000E-01  9.410831E-02  5.141100E-09
4.200000E-01  6.374240E-01  1.337090E-10
2.400000E-01  2.486899E-01  3.021600E-11
1.600000E-01  6.279052E-02  4.178730E-09
4.200000E-01  6.129071E-01  4.247294E-31
1.080000E+00  6.279052E-02  1.143580E-10
2.400000E-01  2.181432E-01  1.414798E-34
1.080000E+00  3.141076E-02  2.710505E-11
1.600000E-01  3.141076E-02  2.031583E-35
1.080000E+00  -1.608123E-16  3.349927E-09
4.200000E-01  5.877853E-01  6.279632E-39
1.260000E+00  2.181432E-01  2.428806E-11
1.600000E-01  -1.608123E-16  9.692992E-11
2.400000E-01  1.873813E-01  2.670451E-09
4.200000E-01  5.620834E-01  2.172659E-11
4.200000E-01  5.620834E-01  2.108824E-09
4.200000E-01  5.358268E-01  8.189243E-11
2.400000E-01  1.564345E-01  1.649259E-09
4.200000E-01  5.090414E-01  6.899111E-11
2.400000E-01  1.253332E-01  1.278144E-09
4.200000E-01  4.817537E-01  9.373547E-41
1.260000E+00  1.873813E-01  5.810145E-11
2.400000E-01  9.410831E-02  9.811909E-10
4.200000E-01  4.539905E-01  4.858632E-11
2.400000E-01  6.279052E-02  7.463498E-10
4.200000E-01  4.257793E-01  4.061420E-11
2.400000E-01  3.141076E-02  1.868753E-10
7.200000E-01  8.763067E-01  9.507184E-08
5.400000E-01  8.910065E-01  1.221961E-19
9.000000E-01  2.181432E-01  3.387453E-11
2.400000E-01  -1.608123E-16  5.625968E-10
4.200000E-01  3.971479E-01  1.055205E-33
1.100000E+00  1.000000E+00  2.818024E-11
2.600000E-01  1.000000E+00  5.857854E-09
2.600000E-01  9.995066E-01  4.200694E-10
4.200000E-01  3.681246E-01  4.259557E-42
1.260000E+00  1.564345E-01  5.762999E-09
2.600000E-01  9.980267E-01  5.812147E-09
2.600000E-01  9.955620E-01  5.749300E-09
2.600000E-01  9.921147E-01  3.110447E-10
4.200000E-01  3.387379E-01  5.668504E-09
2.600000E-01  9.876883E-01  5.560916E-09
2.600000E-01  9.822873E-01  5.434638E-09
2.600000E-01  9.759168E-01  1.172841E-47
1.100000E+00  9.995066E-01  0.000000E+00
1.100000E+00  9.980267E-01  0.000000E+00
1.100000E+00  9.955620E-01  0.000000E+00
1.100000E+00  9.921147E-01  0.000000E+00
1.100000E+00  9.876883E-01  0.000000E+00
1.100000E+00  9.822873E-01  0.000000E+00
1.100000E+00  9.759168E-01  0.000000E+00
1.100000E+00  9.685832E-01  0.000000E+00
1.100000E+00  9.602937E-01  0.000000E+00
1.100000E+00  9.510565E-01  0.000000E+00
1.100000E+00  9.408808E-01  0.000000E+00
1.100000E+00  9.297765E-01  0.000000E+00
1.100000E+00  9.177546E-01  0.000000E+00
1.100000E+00  9.048271E-01  0.000000E+00
1.100000E+00  8.910065E-01  0.000000E+00
1.100000E+00  8.763067E-01  0.000000E+00
1.100000E+00  8.607420E-01  0.000000E+00
1.100000E+00  8.443279E-01  0.000000E+00
1.100000E+00  8.270806E-01  0.000000E+00
1.100000E+00  8.090170E-01  0.000000E+00
1.100000E+00  7.901550E-01  0.000000E+00
1.100000E+00  7.705132E-01  0.000000E+00
1.100000E+00  7.501111E-01  0.000000E+00
1.100000E+00  7.289686E-01  0.000000E+00
1.100000E+00  7.071068E-01  0.000000E+00
1.100000E+00  6.845471E-01  0.000000E+00
1.100000E+00  6.613119E-01  0.000000E+00
1.100000E+00  6.374240E-01  0.000000E+00
1.100000E+00  6.129071E-01  0.000000E+00
1.100000E+00  5.877853E-01  0.000000E+00
1.100000E+00  5.620834E-01  0.000000E+00
1.100000E+00  5.358268E-01  0.000000E+00
1.100000E+00  5.090414E-01  0.000000E+00
1.100000E+00  4.817537E-01  0.000000E+00
1.100000E+00  4.539905E-01  2.281769E-10
4.200000E-01  3.090170E-01  5.288226E-09
2.600000E-01  9.685832E-01  4.967963E-09
2.600000E-01  9.602937E-01  4.943011E-09
2.600000E-01  9.510565E-01  1.659966E-10
4.200000E-01  2.789911E-01  4.749666E-09
2.600000E-01  9.408808E-01  4.535884E-09
2.600000E-01  9.297765E-01  4.318642E-09
2.600000E-01  9.177546E-01  1.197802E-10
4.200000E-01  2.486899E-01  4.092119E-09
2.600000E-01  9.048271E-01  3.863705E-09
2.600000E-01  8.910065E-01  8.572853E-11
4.200000E-01  2.181432E-01  3.638353E-09
2.600000E-01  8.763067E-01  3.398077E-09
2.600000E-01  8.607420E-01  6.088079E-11
4.200000E-01  1.873813E-01  3.165431E-09
2.600000E-01  8.443279E-01  2.940385E-09
2.600000E-01  8.270806E-01  4.291264E-11
4.200000E-01  1.564345E-01  2.713961E-09
2.600000E-01  8.090170E-01  2.500225E-09
2.600000E-01  7.901550E-01  1.354442E-42
1.260000E+00  1.253332E-01  3.002828E-11
4.200000E-01  1.253332E-01  2.281141E-09
2.600000E-01  7.705132E-01  2.076524E-09
2.600000E-01  7.501111E-01  1.779598E-10
7.200000E-01  8.607420E-01  2.087117E-11
4.200000E-01  9.410831E-02  1.878967E-09
2.600000E-01  7.289686E-01  8.038678E-08
5.400000E-01  8.763067E-01  1.440553E-11
4.200000E-01  6.279052E-02  4.410660E-20
9.000000E-01  1.873813E-01  1.702078E-09
2.600000E-01  7.071068E-01  9.883975E-12
4.200000E-01  3.141076E-02  1.528370E-09
2.600000E-01  6.845471E-01  6.745111E-12
4.200000E-01  -1.608123E-16  1.367018E-09
2.600000E-01  6.613119E-01  5.093622E-45
1.260000E+00  9.410831E-02  4.580565E-12
4.400000E-01  1.000000E+00  1.217758E-09
2.600000E-01  6.374240E-01  7.726719E-08
4.400000E-01  9.995066E-01  7.701862E-08
4.400000E-01  9.980267E-01  3.865817E-22
1.100000E+00  4.257793E-01  7.630760E-08
4.400000E-01  9.955620E-01  7.514956E-08
4.400000E-01  9.921147E-01  7.348676E-08
4.400000E-01  9.876883E-01  1.079941E-09
2.600000E-01  6.129071E-01  5.450792E-08
4.400000E-01  9.822873E-01  6.893649E-08
4.400000E-01  9.759168E-01  6.367264E-08
4.400000E-01  9.685832E-01  6.301117E-08
4.400000E-01  9.602937E-01  9.534571E-10
2.600000E-01  5.877853E-01  5.962021E-08
4.400000E-01  9.510565E-01  5.603911E-08
4.400000E-01  9.408808E-01  5.226444E-08
4.400000E-01  9.297765E-01  8.378354E-10
2.600000E-01  5.620834E-01  4.839873E-08
4.400000E-01  9.177546E-01  3.764403E-46
1.260000E+00  6.279052E-02  4.448512E-08
4.400000E-01  9.048271E-01  7.326680E-10
2.600000E-01  5.358268E-01  4.058285E-08
4.400000E-01  8.910065E-01  1.909899E-47
1.260000E+00  3.141076E-02  6.373383E-10
2.600000E-01  5.090414E-01  3.734326E-08
4.400000E-01  8.763067E-01  1.522859E-10
7.200000E-01  8.443279E-01  0.000000E+00
7.200000E-01  8.270806E-01  0.000000E+00
7.200000E-01  8.090170E-01  0.000000E+00
7.200000E-01  7.901550E-01  0.000000E+00
7.200000E-01  7.705132E-01  0.000000E+00
7.200000E-01  7.501111E-01  0.000000E+00
7.200000E-01  7.289686E-01  0.000000E+00
7.200000E-01  7.071068E-01  0.000000E+00
7.200000E-01  6.845471E-01  0.000000E+00
7.200000E-01  6.613119E-01  0.000000E+00
7.200000E-01  6.374240E-01  0.000000E+00
7.200000E-01  6.129071E-01  0.000000E+00
7.200000E-01  5.877853E-01  0.000000E+00
7.200000E-01  5.620834E-01  0.000000E+00
7.200000E-01  5.358268E-01  0.000000E+00
7.200000E-01  5.090414E-01  0.000000E+00
7.200000E-01  4.817537E-01  0.000000E+00
7.200000E-01  4.539905E-01  0.000000E+00
7.200000E-01  4.257793E-01  0.000000E+00
7.200000E-01  3.971479E-01  0.000000E+00
7.200000E-01  3.681246E-01  0.000000E+00
7.200000E-01  3.387379E-01  0.000000E+00
7.200000E-01  3.090170E-01  2.214024E-48
1.260000E+00  -1.608123E-16  5.531903E-10
2.600000E-01  4.817537E-01  3.292109E-08
4.400000E-01  8.607420E-01  7.340102E-08
5.400000E-01  8.607420E-01  2.936311E-08
4.400000E-01  8.443279E-01  5.441112E-23
1.100000E+00  3.971479E-01  4.775487E-10
2.600000E-01  4.539905E-01  2.576672E-20
9.000000E-01  1.564345E-01  2.591856E-08
4.400000E-01  8.270806E-01  2.267482E-08
4.400000E-01  8.090170E-01  4.104666E-10
2.600000E-01  4.257793E-01  1.966259E-08
4.400000E-01  7.901550E-01  1.689718E-08
4.400000E-01  7.705132E-01  3.512822E-10
2.600000E-01  3.971479E-01  1.438442E-08
4.400000E-01  7.501111E-01  1.068152E-49
1.280000E+00  1.000000E+00  1.213700E-08
4.400000E-01  7.289686E-01  2.994271E-10
2.600000E-01  3.681246E-01  1.007060E-08
4.400000E-01  7.071068E-01  6.544345E-24
1.100000E+00  3.681246E-01  2.541012E-10
2.600000E-01  3.387379E-01  8.325553E-09
4.400000E-01  6.845471E-01  2.148436E-10
2.600000E-01  3.090170E-01  6.816174E-09
4.400000E-01  6.613119E-01  1.809359E-10
2.600000E-01  2.789911E-01  5.529673E-09
4.400000E-01  6.374240E-01  1.517501E-10
2.600000E-01  2.486899E-01  4.527601E-09
4.400000E-01  6.129071E-01  1.268690E-10
2.600000E-01  2.181432E-01  3.524494E-09
4.400000E-01  5.877853E-01  1.396745E-13
7.200000E-01  2.789911E-01  6.216091E-08
5.400000E-01  8.443279E-01  1.056565E-10
2.600000E-01  1.873813E-01  2.772270E-09
4.400000E-01  5.620834E-01  1.849068E-14
1.280000E+00  9.995066E-01  8.768426E-11
2.600000E-01  1.564345E-01  2.158352E-09
4.400000E-01  5.358268E-01  3.484090E-21
9.000000E-01  1.253332E-01  7.254738E-11
2.600000E-01  1.253332E-01  1.663128E-09
4.400000E-01  5.090414E-01  1.751778E-24
1.100000E+00  3.387379E-01  1.268486E-09
4.400000E-01  4.817537E-01  5.983098E-11
2.600000E-01  9.410831E-02  9.577804E-10
4.400000E-01  4.539905E-01  4.924158E-11
2.600000E-01  6.279052E-02  7.160469E-10
4.400000E-01  4.257793E-01  4.034387E-11
2.600000E-01  3.141076E-02  2.522397E-22
9.000000E-01  9.410831E-02  3.300337E-11
2.600000E-01  -1.608123E-16  5.299970E-10
4.400000E-01  3.971479E-01  2.693643E-11
2.800000E-01  1.000000E+00  3.881778E-10
4.400000E-01  3.681246E-01  8.736895E-09
2.800000E-01  9.995066E-01  8.735615E-09
2.800000E-01  9.980267E-01  8.678626E-09
2.800000E-01  9.955620E-01  8.581643E-09
2.800000E-01  9.921147E-01  8.451196E-09
2.800000E-01  9.876883E-01  2.818684E-10
4.400000E-01  3.387379E-01  8.280056E-09
2.800000E-01  9.822873E-01  1.806816E-14
1.280000E+00  9.980267E-01  8.078382E-09
2.800000E-01  9.759168E-01  7.847020E-09
2.800000E-01  9.685832E-01  7.330429E-09
2.800000E-01  9.602937E-01  5.329353E-08
5.400000E-01  8.270806E-01  7.301121E-09
2.800000E-01  9.510565E-01  2.026646E-10
4.400000E-01  3.090170E-01  2.664294E-25
1.100000E+00  3.090170E-01  6.984524E-09
2.800000E-01  9.408808E-01  6.655590E-09
2.800000E-01  9.297765E-01  6.306968E-09
2.800000E-01  9.177546E-01  1.444068E-10
4.400000E-01  2.789911E-01  4.931687E-14
7.200000E-01  2.486899E-01  5.960775E-09
2.800000E-01  9.048271E-01  1.019700E-10
4.400000E-01  2.486899E-01  5.599352E-09
2.800000E-01  8.910065E-01  5.240373E-09
2.800000E-01  8.763067E-01  7.135761E-11
4.400000E-01  2.181432E-01  4.887856E-09
2.800000E-01  8.607420E-01  4.529948E-09
2.800000E-01  8.443279E-01  4.184185E-09
2.800000E-01  8.270806E-01  4.953154E-11
4.400000E-01  1.873813E-01  3.825121E-09
2.800000E-01  8.090170E-01  3.410191E-11
4.400000E-01  1.564345E-01  4.500297E-08
5.400000E-01  8.090170E-01  3.491772E-09
2.800000E-01  7.901550E-01  2.329355E-11
4.400000E-01  1.253332E-01  3.172765E-09
2.800000E-01  7.705132E-01  3.750788E-26
1.100000E+00  2.789911E-01  2.868284E-09
2.800000E-01  7.501111E-01  5.074298E-23
9.000000E-01  6.279052E-02  1.579668E-11
4.400000E-01  9.410831E-02  2.579791E-09
2.800000E-01  7.289686E-01  1.062950E-11
4.400000E-01  6.279052E-02  2.307014E-09
2.800000E-01  7.071068E-01  7.111512E-12
4.400000E-01  3.141076E-02  2.057057E-09
2.800000E-01  6.845471E-01  4.727444E-12
4.400000E-01  -1.608123E-16  3.707543E-08
5.400000E-01  7.901550E-01  1.823309E-09
2.800000E-01  6.613119E-01  1.716234E-14
1.280000E+00  9.955620E-01  3.127148E-12
4.600000E-01  1.000000E+00  1.607532E-09
2.800000E-01  6.374240E-01  9.332616E-08
4.600000E-01  9.995066E-01  9.302574E-08
4.600000E-01  9.980267E-01  9.213780E-08
4.600000E-01  9.955620E-01  2.082073E-14
7.200000E-01  2.181432E-01  9.041966E-08
4.600000E-01  9.921147E-01  6.718447E-08
4.600000E-01  9.876883E-01  1.410836E-09
2.800000E-01  6.129071E-01  8.600163E-08
4.600000E-01  9.822873E-01  8.293690E-08
4.600000E-01  9.759168E-01  7.643461E-08
4.600000E-01  9.685832E-01  1.231495E-09
2.800000E-01  5.877853E-01  7.556990E-08
4.600000E-01  9.602937E-01  1.511340E-14
1.280000E+00  9.921147E-01  7.135412E-08
4.600000E-01  9.510565E-01  6.689507E-08
4.600000E-01  9.408808E-01  1.069774E-09
2.800000E-01  5.620834E-01  6.222136E-08
4.600000E-01  9.297765E-01  5.746190E-08
4.600000E-01  9.177546E-01  9.243307E-10
2.800000E-01  5.358268E-01  5.264537E-08
4.600000E-01  9.048271E-01  2.987159E-08
5.400000E-01  7.705132E-01  4.783643E-08
4.600000E-01  8.910065E-01  7.926346E-10
2.800000E-01  5.090414E-01  4.309043E-08
4.600000E-01  8.763067E-01  6.805254E-10
2.800000E-01  4.817537E-01  3.852490E-08
4.600000E-01  8.607420E-01  4.858544E-23
9.000000E-01  3.141076E-02  3.410848E-08
4.600000E-01  8.443279E-01  4.512482E-27
1.100000E+00  2.486899E-01  5.795049E-10
2.800000E-01  4.539905E-01  2.992985E-08
4.600000E-01  8.270806E-01  2.602769E-08
4.600000E-01  8.090170E-01  4.911675E-10
2.800000E-01  4.257793E-01  2.241721E-08
4.600000E-01  7.901550E-01  4.142698E-10
2.800000E-01  3.971479E-01  1.912183E-08
4.600000E-01  7.705132E-01  3.477408E-10
2.800000E-01  3.681246E-01  2.524816E-08
5.400000E-01  7.501111E-01  1.605134E-08
4.600000E-01  7.501111E-01  2.906167E-10
2.800000E-01  3.387379E-01  1.341092E-08
4.600000E-01  7.289686E-01  1.174644E-14
7.200000E-01  1.873813E-01  2.417697E-10
2.800000E-01  3.090170E-01  1.108366E-08
4.600000E-01  7.071068E-01  1.795343E-08
5.400000E-01  7.289686E-01  2.002863E-10
2.800000E-01  2.789911E-01  9.065076E-09
4.600000E-01  6.845471E-01  1.651709E-10
2.800000E-01  2.486899E-01  7.353817E-09
4.600000E-01  6.613119E-01  1.334554E-14
1.280000E+00  9.876883E-01  0.000000E+00
1.280000E+00  9.822873E-01  0.000000E+00
1.280000E+00  9.759168E-01  0.000000E+00
1.280000E+00  9.685832E-01  0.000000E+00
1.280000E+00  9.602937E-01  0.000000E+00
1.280000E+00  9.510565E-01  0.000000E+00
1.280000E+00  9.408808E-01  0.000000E+00
1.280000E+00  9.297765E-01  0.000000E+00
1.280000E+00  9.177546E-01  0.000000E+00
1.280000E+00  9.048271E-01  0.000000E+00
1.280000E+00  8.910065E-01  0.000000E+00
1.280000E+00  8.763067E-01  0.000000E+00
1.280000E+00  8.607420E-01  0.000000E+00
1.280000E+00  8.443279E-01  0.000000E+00
1.280000E+00  8.270806E-01  0.000000E+00
1.280000E+00  8.090170E-01  0.000000E+00
1.280000E+00  7.901550E-01  0.000000E+00
1.280000E+00  7.705132E-01  0.000000E+00
1.280000E+00  7.501111E-01  0.000000E+00
1.280000E+00  7.289686E-01  0.000000E+00
1.280000E+00  7.071068E-01  0.000000E+00
1.280000E+00  6.845471E-01  0.000000E+00
1.280000E+00  6.613119E-01  0.000000E+00
1.280000E+00  6.374240E-01  0.000000E+00
1.280000E+00  6.129071E-01  1.356945E-10
2.800000E-01  2.181432E-01  5.885958E-09
4.600000E-01  6.374240E-01  4.666208E-09
4.600000E-01  6.129071E-01  1.109940E-10
2.800000E-01  1.873813E-01  3.656871E-09
4.600000E-01  5.877853E-01  9.043084E-11
2.800000E-01  1.564345E-01  1.458845E-23
9.000000E-01  -1.608123E-16  2.835543E-09
4.600000E-01  5.620834E-01  1.612095E-08
5.400000E-01  7.071068E-01  7.341916E-11
2.800000E-01  1.253332E-01  9.031093E-28
1.100000E+00  2.181432E-01  2.174490E-09
4.600000E-01  5.358268E-01  5.944999E-11
2.800000E-01  9.410831E-02  1.649857E-09
4.600000E-01  5.090414E-01  4.793317E-11
2.800000E-01  6.279052E-02  1.088960E-08
5.400000E-01  6.845471E-01  1.238019E-09
4.600000E-01  4.817537E-01  3.854668E-11
2.800000E-01  3.141076E-02  9.188115E-10
4.600000E-01  4.539905E-01  3.092303E-11
2.800000E-01  -1.608123E-16  6.747995E-10
4.600000E-01  4.257793E-01  5.752235E-15
7.200000E-01  1.564345E-01  2.470222E-11
3.000000E-01  1.000000E+00  1.264832E-08
3.000000E-01  9.995066E-01  1.227808E-08
3.000000E-01  9.980267E-01  1.252521E-08
3.000000E-01  9.955620E-01  4.901282E-10
4.600000E-01  3.971479E-01  1.238298E-08
3.000000E-01  9.921147E-01  1.217870E-08
3.000000E-01  9.876883E-01  1.192316E-08
3.000000E-01  9.822873E-01  1.161503E-08
3.000000E-01  9.759168E-01  1.126188E-08
3.000000E-01  9.685832E-01  3.521743E-10
4.600000E-01  3.681246E-01  1.047615E-08
3.000000E-01  9.602937E-01  1.041602E-08
3.000000E-01  9.510565E-01  9.945026E-09
3.000000E-01  9.408808E-01  9.834896E-09
5.400000E-01  6.613119E-01  2.505122E-10
4.600000E-01  3.387379E-01  9.452707E-09
3.000000E-01  9.297765E-01  1.802111E-26
1.280000E+00  5.877853E-01  8.933992E-09
3.000000E-01  9.177546E-01  1.764180E-10
4.600000E-01  3.090170E-01  8.406840E-09
3.000000E-01  9.048271E-01  7.853904E-09
3.000000E-01  8.910065E-01  1.229838E-10
4.600000E-01  2.789911E-01  7.320682E-09
3.000000E-01  8.763067E-01  1.065880E-23
9.200000E-01  1.000000E+00  6.800759E-09
3.000000E-01  8.607420E-01  8.491421E-11
4.600000E-01  2.486899E-01  1.443921E-28
1.100000E+00  1.873813E-01  6.242840E-09
3.000000E-01  8.443279E-01  5.808335E-11
4.600000E-01  2.181432E-01  5.736717E-09
3.000000E-01  8.270806E-01  3.937013E-11
4.600000E-01  1.873813E-01  5.230692E-09
3.000000E-01  8.090170E-01  4.561594E-29
9.200000E-01  9.995066E-01  7.397962E-09
5.400000E-01  6.374240E-01  4.744452E-09
3.000000E-01  7.901550E-01  2.646150E-11
4.600000E-01  1.564345E-01  4.280124E-09
3.000000E-01  7.705132E-01  1.762984E-11
4.600000E-01  1.253332E-01  2.050830E-27
1.280000E+00  5.620834E-01  3.840670E-09
3.000000E-01  7.501111E-01  1.934774E-15
7.200000E-01  1.253332E-01  1.165482E-11
4.600000E-01  9.410831E-02  8.695859E-29
9.200000E-01  9.980267E-01  3.421973E-09
3.000000E-01  7.289686E-01  7.643866E-12
4.600000E-01  6.279052E-02  3.041873E-09
3.000000E-01  7.071068E-01  1.884619E-09
3.0