0.000000E+00  1.000000E+00  0.000000E+00
0.000000E+00  9.995066E-01  0.000000E+00
0.000000E+00  9.980267E-01  0.000000E+00
0.000000E+00  9.955620E-01  0.000000E+00
0.000000E+00  9.921147E-01  0.000000E+00
0.000000E+00  9.876883E-01  0.000000E+00
0.000000E+00  9.822873E-01  0.000000E+00
0.000000E+00  9.759168E-01  0.000000E+00
0.000000E+00  9.685832E-01  0.000000E+00
0.000000E+00  9.602937E-01  0.000000E+00
0.000000E+00  9.510565E-01  0.000000E+00
0.000000E+00  9.408808E-01  0.000000E+00
0.000000E+00  9.297765E-01  0.000000E+00
0.000000E+00  9.177546E-01  0.000000E+00
0.000000E+00  9.048271E-01  0.000000E+00
0.000000E+00  8.910065E-01  0.000000E+00
0.000000E+00  8.763067E-01  0.000000E+00
0.000000E+00  8.607420E-01  0.000000E+00
0.000000E+00  8.443279E-01  0.000000E+00
0.000000E+00  8.270806E-01  0.000000E+00
0.000000E+00  8.090170E-01  0.000000E+00
0.000000E+00  7.901550E-01  0.000000E+00
0.000000E+00  7.705132E-01  0.000000E+00
0.000000E+00  7.501111E-01  0.000000E+00
0.000000E+00  7.289686E-01  0.000000E+00
0.000000E+00  7.071068E-01  0.000000E+00
0.000000E+00  6.845471E-01  0.000000E+00
0.000000E+00  6.613119E-01  0.000000E+00
0.000000E+00  6.374240E-01  0.000000E+00
0.000000E+00  6.129071E-01  0.000000E+00
0.000000E+00  5.877853E-01  0.000000E+00
0.000000E+00  5.620834E-01  0.000000E+00
0.000000E+00  5.358268E-01  0.000000E+00
0.000000E+00  5.090414E-01  0.000000E+00
0.000000E+00  4.817537E-01  0.000000E+00
0.000000E+00  4.539905E-01  0.000000E+00
0.000000E+00  4.257793E-01  0.000000E+00
0.000000E+00  3.971479E-01  0.000000E+00
0.000000E+00  3.681246E-01  0.000000E+00
0.000000E+00  3.387379E-01  0.000000E+00
0.000000E+00  3.090170E-01  0.000000E+00
0.000000E+00  2.789911E-01  0.000000E+00
0.000000E+00  2.486899E-01  0.000000E+00
0.000000E+00  2.181432E-01  0.000000E+00
0.000000E+00  1.873813E-01  0.000000E+00
0.000000E+00  1.564345E-01  0.000000E+00
0.000000E+00  1.253332E-01  0.000000E+00
0.000000E+00  9.410831E-02  0.000000E+00
0.000000E+00  6.279052E-02  0.000000E+00
0.000000E+00  3.141076E-02  0.000000E+00
0.000000E+00  -1.271035E-15  0.000000E+00
2.000000E-02  1.000000E+00  1.194308E-13
2.000000E-02  9.995066E-01  1.194096E-13
2.000000E-02  9.980267E-01  1.193180E-13
2.000000E-02  9.955620E-01  1.192216E-13
2.000000E-02  9.921147E-01  1.190499E-13
2.000000E-02  9.876883E-01  1.188204E-13
2.000000E-02  9.822873E-01  1.185759E-13
2.000000E-02  9.759168E-01  1.182589E-13
2.000000E-02  9.685832E-01  1.179213E-13
2.000000E-02  9.602937E-01  1.179115E-13
2.000000E-02  9.510565E-01  1.170415E-13
2.000000E-02  9.408808E-01  1.165894E-13
2.000000E-02  9.297765E-01  1.160052E-13
2.000000E-02  9.177546E-01  1.154353E-13
2.000000E-02  9.048271E-01  1.148284E-13
2.000000E-02  8.910065E-01  1.141821E-13
2.000000E-02  8.763067E-01  1.134324E-13
2.000000E-02  8.607420E-01  1.127002E-13
2.000000E-02  8.443279E-01  1.119918E-13
2.000000E-02  8.270806E-01  1.111920E-13
2.000000E-02  8.090170E-01  1.107788E-13
2.000000E-02  7.901550E-01  1.095037E-13
2.000000E-02  7.705132E-01  1.085878E-13
2.000000E-02  7.501111E-01  1.076842E-13
2.000000E-02  7.289686E-01  1.067274E-13
2.000000E-02  7.071068E-01  1.057521E-13
2.000000E-02  6.845471E-01  1.047656E-13
2.000000E-02  6.613119E-01  1.037390E-13
2.000000E-02  6.374240E-01  1.027091E-13
2.000000E-02  6.129071E-01  1.016562E-13
2.000000E-02  5.877853E-01  1.005754E-13
2.000000E-02  5.620834E-01  9.956497E-14
2.000000E-02  5.358268E-01  9.838146E-14
2.000000E-02  5.090414E-01  9.731142E-14
2.000000E-02  4.817537E-01  9.619717E-14
2.000000E-02  4.539905E-01  9.504219E-14
2.000000E-02  4.257793E-01  9.384457E-14
2.000000E-02  3.971479E-01  9.270661E-14
2.000000E-02  3.681246E-01  9.165761E-14
2.000000E-02  3.387379E-01  9.048107E-14
2.000000E-02  3.090170E-01  8.933531E-14
2.000000E-02  2.789911E-01  8.819026E-14
2.000000E-02  2.486899E-01  8.703975E-14
2.000000E-02  2.181432E-01  8.598385E-14
2.000000E-02  1.873813E-01  8.475542E-14
2.000000E-02  1.564345E-01  8.366272E-14
2.000000E-02  1.253332E-01  8.254719E-14
2.000000E-02  9.410831E-02  8.143870E-14
2.000000E-02  6.279052E-02  8.026013E-14
2.000000E-02  3.141076E-02  7.925457E-14
2.000000E-02  -1.271035E-15  7.818569E-14
4.000000E-02  1.000000E+00  7.125583E-13
4.000000E-02  9.995066E-01  7.118759E-13
4.000000E-02  9.980267E-01  7.110637E-13
4.000000E-02  9.955620E-01  7.096446E-13
4.000000E-02  9.921147E-01  7.078495E-13
4.000000E-02  9.876883E-01  7.050261E-13
4.000000E-02  9.822873E-01  7.022732E-13
4.000000E-02  9.759168E-01  6.987448E-13
4.000000E-02  9.685832E-01  6.946939E-13
4.000000E-02  9.602937E-01  6.901260E-13
4.000000E-02  9.510565E-01  6.848290E-13
4.000000E-02  9.408808E-01  6.797650E-13
4.000000E-02  9.297765E-01  6.737625E-13
4.000000E-02  9.177546E-01  6.673339E-13
4.000000E-02  9.048271E-01  6.605413E-13
4.000000E-02  8.910065E-01  6.534310E-13
4.000000E-02  8.763067E-01  6.457054E-13
4.000000E-02  8.607420E-01  6.373451E-13
4.000000E-02  8.443279E-01  6.171786E-13
4.000000E-02  8.270806E-01  6.175123E-13
4.000000E-02  8.090170E-01  6.117012E-13
4.000000E-02  7.901550E-01  6.025969E-13
4.000000E-02  7.705132E-01  5.931905E-13
4.000000E-02  7.501111E-01  5.833953E-13
4.000000E-02  7.289686E-01  5.734067E-13
4.000000E-02  7.071068E-01  5.633597E-13
4.000000E-02  6.845471E-01  5.531266E-13
4.000000E-02  6.613119E-01  5.425218E-13
4.000000E-02  6.374240E-01  5.322042E-13
4.000000E-02  6.129071E-01  5.216016E-13
4.000000E-02  5.877853E-01  5.108286E-13
4.000000E-02  5.620834E-01  5.000887E-13
4.000000E-02  5.358268E-01  4.888786E-13
4.000000E-02  5.090414E-01  4.785674E-13
4.000000E-02  4.817537E-01  4.677779E-13
4.000000E-02  4.539905E-01  4.570062E-13
4.000000E-02  4.257793E-01  4.456752E-13
4.000000E-02  3.971479E-01  4.356763E-13
4.000000E-02  3.681246E-01  4.249679E-13
4.000000E-02  3.387379E-01  4.145934E-13
4.000000E-02  3.090170E-01  4.042901E-13
4.000000E-02  2.789911E-01  3.940203E-13
4.000000E-02  2.486899E-01  3.840602E-13
4.000000E-02  2.181432E-01  3.741517E-13
4.000000E-02  1.873813E-01  3.643769E-13
4.000000E-02  1.564345E-01  3.547904E-13
4.000000E-02  1.253332E-01  3.453091E-13
4.000000E-02  9.410831E-02  3.361012E-13
4.000000E-02  6.279052E-02  3.270565E-13
4.000000E-02  3.141076E-02  3.183250E-13
4.000000E-02  -1.271035E-15  3.096922E-13
6.000000E-02  1.000000E+00  2.355442E-12
6.000000E-02  9.995066E-01  2.354236E-12
6.000000E-02  9.980267E-01  2.350076E-12
6.000000E-02  9.955620E-01  2.343742E-12
6.000000E-02  9.921147E-01  2.335806E-12
6.000000E-02  9.876883E-01  2.322631E-12
6.000000E-02  9.822873E-01  2.308499E-12
6.000000E-02  9.759168E-01  2.293020E-12
6.000000E-02  9.685832E-01  2.272756E-12
6.000000E-02  9.602937E-01  2.251240E-12
6.000000E-02  9.510565E-01  2.227780E-12
6.000000E-02  9.408808E-01  2.202318E-12
6.000000E-02  9.297765E-01  2.173559E-12
6.000000E-02  9.177546E-01  2.144787E-12
6.000000E-02  9.048271E-01  2.115180E-12
6.000000E-02  8.910065E-01  2.080914E-12
6.000000E-02  8.763067E-01  2.046308E-12
6.000000E-02  8.607420E-01  2.007990E-12
6.000000E-02  8.443279E-01  1.970609E-12
6.000000E-02  8.270806E-01  1.930266E-12
6.000000E-02  8.090170E-01  1.889275E-12
6.000000E-02  7.901550E-01  1.848318E-12
6.000000E-02  7.705132E-01  1.805905E-12
6.000000E-02  7.501111E-01  1.762940E-12
6.000000E-02  7.289686E-01  1.719196E-12
6.000000E-02  7.071068E-01  1.674765E-12
6.000000E-02  6.845471E-01  1.630231E-12
6.000000E-02  6.613119E-01  1.584567E-12
6.000000E-02  6.374240E-01  1.540171E-12
6.000000E-02  6.129071E-01  1.495009E-12
6.000000E-02  5.877853E-01  1.449874E-12
6.000000E-02  5.620834E-01  1.405029E-12
6.000000E-02  5.358268E-01  1.360384E-12
6.000000E-02  5.090414E-01  1.316005E-12
6.000000E-02  4.817537E-01  1.272215E-12
6.000000E-02  4.539905E-01  1.227859E-12
6.000000E-02  4.257793E-01  1.186810E-12
6.000000E-02  3.971479E-01  1.144295E-12
6.000000E-02  3.681246E-01  1.103294E-12
6.000000E-02  3.387379E-01  1.063143E-12
6.000000E-02  3.090170E-01  1.024233E-12
6.000000E-02  2.789911E-01  9.854213E-13
6.000000E-02  2.486899E-01  9.475374E-13
6.000000E-02  2.181432E-01  9.109207E-13
6.000000E-02  1.873813E-01  8.751878E-13
6.000000E-02  1.564345E-01  8.404407E-13
6.000000E-02  1.253332E-01  8.067776E-13
6.000000E-02  9.410831E-02  7.744913E-13
6.000000E-02  6.279052E-02  7.432930E-13
6.000000E-02  3.141076E-02  7.129844E-13
6.000000E-02  -1.271035E-15  6.836451E-13
8.000000E-02  1.000000E+00  6.114571E-12
8.000000E-02  9.995066E-01  6.109612E-12
8.000000E-02  9.980267E-01  6.098659E-12
8.000000E-02  9.955620E-01  6.073767E-12
8.000000E-02  9.921147E-01  6.043114E-12
8.000000E-02  9.876883E-01  6.004257E-12
8.000000E-02  9.822873E-01  5.987894E-12
8.000000E-02  9.759168E-01  5.901159E-12
8.000000E-02  9.685832E-01  5.883435E-12
8.000000E-02  9.602937E-01  5.767207E-12
8.000000E-02  9.510565E-01  5.689141E-12
8.000000E-02  9.408808E-01  5.606151E-12
8.000000E-02  9.297765E-01  5.510798E-12
8.000000E-02  9.177546E-01  5.414382E-12
8.000000E-02  9.048271E-01  5.309204E-12
8.000000E-02  8.910065E-01  5.201436E-12
8.000000E-02  8.763067E-01  5.088649E-12
8.000000E-02  8.607420E-01  4.967679E-12
8.000000E-02  8.443279E-01  4.847111E-12
8.000000E-02  8.270806E-01  4.719196E-12
8.000000E-02  8.090170E-01  4.594171E-12
8.000000E-02  7.901550E-01  4.459243E-12
8.000000E-02  7.705132E-01  4.327300E-12
8.000000E-02  7.501111E-01  4.191319E-12
8.000000E-02  7.289686E-01  4.054434E-12
8.000000E-02  7.071068E-01  3.917598E-12
8.000000E-02  6.845471E-01  3.779294E-12
8.000000E-02  6.613119E-01  3.643714E-12
8.000000E-02  6.374240E-01  3.507980E-12
8.000000E-02  6.129071E-01  3.372903E-12
8.000000E-02  5.877853E-01  3.238528E-12
8.000000E-02  5.620834E-01  3.099617E-12
8.000000E-02  5.358268E-01  2.976032E-12
8.000000E-02  5.090414E-01  2.847090E-12
8.000000E-02  4.817537E-01  2.721736E-12
8.000000E-02  4.539905E-01  2.598879E-12
8.000000E-02  4.257793E-01  2.479875E-12
8.000000E-02  3.971479E-01  2.363650E-12
8.000000E-02  3.681246E-01  2.250474E-12
8.000000E-02  3.387379E-01  2.140473E-12
8.000000E-02  3.090170E-01  2.032566E-12
8.000000E-02  2.789911E-01  1.932368E-12
8.000000E-02  2.486899E-01  1.833829E-12
8.000000E-02  2.181432E-01  1.684777E-12
8.000000E-02  1.873813E-01  1.596583E-12
8.000000E-02  1.564345E-01  1.511812E-12
8.000000E-02  1.253332E-01  1.430313E-12
8.000000E-02  9.410831E-02  1.352591E-12
8.000000E-02  6.279052E-02  1.278757E-12
8.000000E-02  3.141076E-02  1.208278E-12
8.000000E-02  -1.271035E-15  1.141329E-12
1.000000E-01  1.000000E+00  1.392415E-11
1.000000E-01  9.995066E-01  1.391198E-11
1.000000E-01  9.980267E-01  1.387311E-11
1.000000E-01  9.955620E-01  1.380588E-11
1.000000E-01  9.921147E-01  1.372459E-11
1.000000E-01  9.876883E-01  1.361246E-11
1.000000E-01  9.822873E-01  1.348691E-11
1.000000E-01  9.759168E-01  1.332939E-11
1.000000E-01  9.685832E-01  1.315491E-11
1.000000E-01  9.602937E-01  1.296052E-11
1.000000E-01  9.510565E-01  1.274288E-11
1.000000E-01  9.408808E-01  1.250309E-11
1.000000E-01  9.297765E-01  1.225498E-11
1.000000E-01  9.177546E-01  1.199366E-11
1.000000E-01  9.048271E-01  1.170908E-11
1.000000E-01  8.910065E-01  1.141145E-11
1.000000E-01  8.763067E-01  1.110063E-11
1.000000E-01  8.607420E-01  1.077548E-11
1.000000E-01  8.443279E-01  1.045635E-11
1.000000E-01  8.270806E-01  1.012359E-11
1.000000E-01  8.090170E-01  9.780375E-12
1.000000E-01  7.901550E-01  9.432774E-12
1.000000E-01  7.705132E-01  9.085000E-12
1.000000E-01  7.501111E-01  8.734086E-12
1.000000E-01  7.289686E-01  8.381410E-12
1.000000E-01  7.071068E-01  8.030909E-12
1.000000E-01  6.845471E-01  7.684126E-12
1.000000E-01  6.613119E-01  7.338543E-12
1.000000E-01  6.374240E-01  6.997772E-12
1.000000E-01  6.129071E-01  6.660967E-12
1.000000E-01  5.877853E-01  6.314607E-12
1.000000E-01  5.620834E-01  6.006054E-12
1.000000E-01  5.358268E-01  5.505215E-12
1.000000E-01  5.090414E-01  5.214648E-12
1.000000E-01  4.817537E-01  4.924597E-12
1.000000E-01  4.539905E-01  4.642265E-12
1.000000E-01  4.257793E-01  4.329350E-12
1.000000E-01  3.971479E-01  4.109693E-12
1.000000E-01  3.681246E-01  4.000825E-12
1.000000E-01  3.387379E-01  3.754013E-12
1.000000E-01  3.090170E-01  3.523094E-12
1.000000E-01  2.789911E-01  3.300593E-12
1.000000E-01  2.486899E-01  3.090300E-12
1.000000E-01  2.181432E-01  2.888216E-12
1.000000E-01  1.873813E-01  2.697087E-12
1.000000E-01  1.564345E-01  2.516759E-12
1.000000E-01  1.253332E-01  2.346637E-12
1.000000E-01  9.410831E-02  2.186562E-12
1.000000E-01  6.279052E-02  2.036041E-12
1.000000E-01  3.141076E-02  1.894551E-12
1.000000E-01  -1.271035E-15  1.761702E-12
1.200000E-01  1.000000E+00  2.926157E-11
1.200000E-01  9.995066E-01  2.922814E-11
1.200000E-01  9.980267E-01  2.910649E-11
1.200000E-01  9.955620E-01  2.895914E-11
1.200000E-01  9.921147E-01  2.874594E-11
1.200000E-01  9.876883E-01  2.849999E-11
1.200000E-01  9.822873E-01  2.823321E-11
1.200000E-01  9.759168E-01  2.778708E-11
1.200000E-01  9.685832E-01  2.731639E-11
1.200000E-01  9.602937E-01  2.685805E-11
1.200000E-01  9.510565E-01  2.633597E-11
1.200000E-01  9.408808E-01  2.578430E-11
1.200000E-01  9.297765E-01  2.514396E-11
1.200000E-01  9.177546E-01  2.446949E-11
1.200000E-01  9.048271E-01  2.378389E-11
1.200000E-01  8.910065E-01  2.305445E-11
1.200000E-01  8.763067E-01  2.232880E-11
1.200000E-01  8.607420E-01  2.156591E-11
1.200000E-01  8.443279E-01  2.079110E-11
1.200000E-01  8.270806E-01  1.998145E-11
1.200000E-01  8.090170E-01  1.917832E-11
1.200000E-01  7.901550E-01  1.836642E-11
1.200000E-01  7.705132E-01  1.755471E-11
1.200000E-01  7.501111E-01  1.673005E-11
1.200000E-01  7.289686E-01  1.593578E-11
1.200000E-01  7.071068E-01  1.512054E-11
1.200000E-01  6.845471E-01  1.433414E-11
1.200000E-01  6.613119E-01  1.312536E-11
1.200000E-01  6.374240E-01  1.237826E-11
1.200000E-01  6.129071E-01  1.164979E-11
1.200000E-01  5.877853E-01  1.093894E-11
1.200000E-01  5.620834E-01  1.064367E-11
1.200000E-01  5.358268E-01  9.970074E-12
1.200000E-01  5.090414E-01  9.330481E-12
1.200000E-01  4.817537E-01  8.710015E-12
1.200000E-01  4.539905E-01  8.117490E-12
1.200000E-01  4.257793E-01  7.556264E-12
1.200000E-01  3.971479E-01  7.016190E-12
1.200000E-01  3.681246E-01  6.508396E-12
1.200000E-01  3.387379E-01  6.023071E-12
1.200000E-01  3.090170E-01  5.569377E-12
1.200000E-01  2.789911E-01  5.144622E-12
1.200000E-01  2.486899E-01  4.744582E-12
1.200000E-01  2.181432E-01  4.370225E-12
1.200000E-01  1.873813E-01  4.020168E-12
1.200000E-01  1.564345E-01  3.694558E-12
1.200000E-01  1.253332E-01  3.392904E-12
1.200000E-01  9.410831E-02  3.109714E-12
1.200000E-01  6.279052E-02  2.848003E-12
1.200000E-01  3.141076E-02  2.607784E-12
1.200000E-01  -1.271035E-15  2.385535E-12
1.400000E-01  1.000000E+00  5.821817E-11
1.400000E-01  9.995066E-01  5.813936E-11
1.400000E-01  9.980267E-01  5.787871E-11
1.400000E-01  9.955620E-01  5.755451E-11
1.400000E-01  9.921147E-01  5.728266E-11
1.400000E-01  9.876883E-01  5.641013E-11
1.400000E-01  9.822873E-01  5.568033E-11
1.400000E-01  9.759168E-01  5.480161E-11
1.400000E-01  9.685832E-01  5.377502E-11
1.400000E-01  9.602937E-01  5.267752E-11
1.400000E-01  9.510565E-01  5.139294E-11
1.400000E-01  9.408808E-01  5.013078E-11
1.400000E-01  9.297765E-01  4.870509E-11
1.400000E-01  9.177546E-01  4.721733E-11
1.400000E-01  9.048271E-01  4.567281E-11
1.400000E-01  8.910065E-01  4.405795E-11
1.400000E-01  8.763067E-01  4.237428E-11
1.400000E-01  8.607420E-01  4.069928E-11
1.400000E-01  8.443279E-01  3.894593E-11
1.400000E-01  8.270806E-01  3.719244E-11
1.400000E-01  8.090170E-01  3.543342E-11
1.400000E-01  7.901550E-01  3.366558E-11
1.400000E-01  7.705132E-01  3.200112E-11
1.400000E-01  7.501111E-01  3.018283E-11
1.400000E-01  7.289686E-01  2.751811E-11
1.400000E-01  7.071068E-01  2.586778E-11
1.400000E-01  6.845471E-01  2.515547E-11
1.400000E-01  6.613119E-01  2.356435E-11
1.400000E-01  6.374240E-01  2.201673E-11
1.400000E-01  6.129071E-01  2.052607E-11
1.400000E-01  5.877853E-01  1.909216E-11
1.400000E-01  5.620834E-01  1.770349E-11
1.400000E-01  5.358268E-01  1.639842E-11
1.400000E-01  5.090414E-01  1.514867E-11
1.400000E-01  4.817537E-01  1.396386E-11
1.400000E-01  4.539905E-01  1.287684E-11
1.400000E-01  4.257793E-01  1.179613E-11
1.400000E-01  3.971479E-01  1.081415E-11
1.400000E-01  3.681246E-01  9.889766E-12
1.400000E-01  3.387379E-01  9.027252E-12
1.400000E-01  3.090170E-01  8.225158E-12
1.400000E-01  2.789911E-01  7.477563E-12
1.400000E-01  2.486899E-01  6.789077E-12
1.400000E-01  2.181432E-01  6.158727E-12
1.400000E-01  1.873813E-01  5.576539E-12
1.400000E-01  1.564345E-01  5.040444E-12
1.400000E-01  1.253332E-01  4.551975E-12
1.400000E-01  9.410831E-02  4.105248E-12
1.400000E-01  6.279052E-02  3.697795E-12
1.400000E-01  3.141076E-02  3.327795E-12
1.400000E-01  -1.271035E-15  2.991719E-12
1.600000E-01  1.000000E+00  1.109421E-10
1.600000E-01  9.995066E-01  1.109094E-10
1.600000E-01  9.980267E-01  1.104156E-10
1.600000E-01  9.955620E-01  1.095238E-10
1.600000E-01  9.921147E-01  1.085397E-10
1.600000E-01  9.876883E-01  1.071601E-10
1.600000E-01  9.822873E-01  1.054625E-10
1.600000E-01  9.759168E-01  1.036430E-10
1.600000E-01  9.685832E-01  1.013431E-10
1.600000E-01  9.602937E-01  9.890040E-11
1.600000E-01  9.510565E-01  9.624735E-11
1.600000E-01  9.408808E-01  9.086212E-11
1.600000E-01  9.297765E-01  9.037354E-11
1.600000E-01  9.177546E-01  8.722417E-11
1.600000E-01  9.048271E-01  8.377339E-11
1.600000E-01  8.910065E-01  8.046323E-11
1.600000E-01  8.763067E-01  7.691376E-11
1.600000E-01  8.607420E-01  7.335147E-11
1.600000E-01  8.443279E-01  6.979662E-11
1.600000E-01  8.270806E-01  6.593002E-11
1.600000E-01  8.090170E-01  6.253233E-11
1.600000E-01  7.901550E-01  5.693840E-11
1.600000E-01  7.705132E-01  5.345874E-11
1.600000E-01  7.501111E-01  5.193126E-11
1.600000E-01  7.289686E-01  4.854241E-11
1.600000E-01  7.071068E-01  4.524078E-11
1.600000E-01  6.845471E-01  4.194196E-11
1.600000E-01  6.613119E-01  3.898566E-11
1.600000E-01  6.374240E-01  3.603932E-11
1.600000E-01  6.129071E-01  3.321939E-11
1.600000E-01  5.877853E-01  3.054253E-11
1.600000E-01  5.620834E-01  2.185074E-11
1.600000E-01  5.358268E-01  1.997625E-11
1.600000E-01  5.090414E-01  1.819402E-11
1.600000E-01  4.817537E-01  1.656491E-11
1.600000E-01  4.539905E-01  1.500671E-11
1.600000E-01  4.257793E-01  1.359191E-11
1.600000E-01  3.971479E-01  1.226797E-11
1.600000E-01  3.681246E-01  1.103517E-11
1.600000E-01  3.387379E-01  9.906191E-12
1.600000E-01  3.090170E-01  8.875753E-12
1.600000E-01  2.789911E-01  7.931555E-12
1.600000E-01  2.486899E-01  7.077134E-12
1.600000E-01  2.181432E-01  6.297426E-12
1.600000E-01  1.873813E-01  5.595717E-12
1.600000E-01  1.564345E-01  6.474810E-12
1.600000E-01  1.253332E-01  5.747639E-12
1.600000E-01  9.410831E-02  5.094642E-12
1.600000E-01  6.279052E-02  4.508163E-12
1.600000E-01  3.141076E-02  3.962228E-12
1.600000E-01  -1.271035E-15  3.518057E-12
1.800000E-01  1.000000E+00  2.042590E-10
1.800000E-01  9.995066E-01  2.039128E-10
1.800000E-01  9.980267E-01  2.028409E-10
1.800000E-01  9.955620E-01  2.012486E-10
1.800000E-01  9.921147E-01  1.990650E-10
1.800000E-01  9.876883E-01  1.961477E-10
1.800000E-01  9.822873E-01  1.926081E-10
1.800000E-01  9.759168E-01  1.886054E-10
1.800000E-01  9.685832E-01  1.840261E-10
1.800000E-01  9.602937E-01  1.790010E-10
1.800000E-01  9.510565E-01  1.735085E-10
1.800000E-01  9.408808E-01  1.677133E-10
1.800000E-01  9.297765E-01  1.614977E-10
1.800000E-01  9.177546E-01  1.549980E-10
1.800000E-01  9.048271E-01  1.481924E-10
1.800000E-01  8.910065E-01  1.413200E-10
1.800000E-01  8.763067E-01  1.343218E-10
1.800000E-01  8.607420E-01  1.272137E-10
1.800000E-01  8.443279E-01  1.200802E-10
1.800000E-01  8.270806E-01  1.089963E-10
1.800000E-01  8.090170E-01  8.286850E-11
1.800000E-01  7.901550E-01  7.765759E-11
1.800000E-01  7.705132E-01  7.252096E-11
1.800000E-01  7.501111E-01  6.746651E-11
1.800000E-01  7.289686E-01  7.940259E-11
1.800000E-01  7.071068E-01  7.325170E-11
1.800000E-01  6.845471E-01  6.738560E-11
1.800000E-01  6.613119E-01  6.177275E-11
1.800000E-01  6.374240E-01  5.647583E-11
1.800000E-01  6.129071E-01  5.145651E-11
1.800000E-01  5.877853E-01  4.674010E-11
1.800000E-01  5.620834E-01  4.230288E-11
1.800000E-01  5.358268E-01  3.820630E-11
1.800000E-01  5.090414E-01  3.438126E-11
1.800000E-01  4.817537E-01  3.082970E-11
1.800000E-01  4.539905E-01  2.761261E-11
1.800000E-01  4.257793E-01  2.464684E-11
1.800000E-01  3.971479E-01  2.193024E-11
1.800000E-01  3.681246E-01  1.946110E-11
1.800000E-01  3.387379E-01  1.722800E-11
1.800000E-01  3.090170E-01  1.521086E-11
1.800000E-01  2.789911E-01  1.339278E-11
1.800000E-01  2.486899E-01  1.177372E-11
1.800000E-01  2.181432E-01  1.032146E-11
1.800000E-01  1.873813E-01  9.032953E-12
1.800000E-01  1.564345E-01  7.889676E-12
1.800000E-01  1.253332E-01  6.877376E-12
1.800000E-01  9.410831E-02  5.984807E-12
1.800000E-01  6.279052E-02  5.199579E-12
1.800000E-01  3.141076E-02  4.511082E-12
1.800000E-01  -1.271035E-15  3.908261E-12
2.000000E-01  1.000000E+00  3.551613E-10
2.000000E-01  9.995066E-01  3.621746E-10
2.000000E-01  9.980267E-01  3.602004E-10
2.000000E-01  9.955620E-01  3.570490E-10
2.000000E-01  9.921147E-01  3.523094E-10
2.000000E-01  9.876883E-01  3.465927E-10
2.000000E-01  9.822873E-01  3.397226E-10
2.000000E-01  9.759168E-01  3.311251E-10
2.000000E-01  9.685832E-01  3.225438E-10
2.000000E-01  9.602937E-01  3.125953E-10
2.000000E-01  9.510565E-01  3.018634E-10
2.000000E-01  9.408808E-01  2.903940E-10
2.000000E-01  9.297765E-01  2.784630E-10
2.000000E-01  9.177546E-01  2.655472E-10
2.000000E-01  9.048271E-01  1.962390E-10
2.000000E-01  8.910065E-01  1.867915E-10
2.000000E-01  8.763067E-01  1.771305E-10
2.000000E-01  8.607420E-01  2.052237E-10
2.000000E-01  8.443279E-01  1.920720E-10
2.000000E-01  8.270806E-01  1.860672E-10
2.000000E-01  8.090170E-01  1.731086E-10
2.000000E-01  7.901550E-01  1.604643E-10
2.000000E-01  7.705132E-01  1.480550E-10
2.000000E-01  7.501111E-01  1.362635E-10
2.000000E-01  7.289686E-01  1.249424E-10
2.000000E-01  7.071068E-01  1.141178E-10
2.000000E-01  6.845471E-01  1.038438E-10
2.000000E-01  6.613119E-01  9.415130E-11
2.000000E-01  6.374240E-01  8.506343E-11
2.000000E-01  6.129071E-01  7.656403E-11
2.000000E-01  5.877853E-01  6.872227E-11
2.000000E-01  5.620834E-01  6.139770E-11
2.000000E-01  5.358268E-01  5.467407E-11
2.000000E-01  5.090414E-01  4.856942E-11
2.000000E-01  4.817537E-01  4.296112E-11
2.000000E-01  4.539905E-01  3.789127E-11
2.000000E-01  4.257793E-01  3.328204E-11
2.000000E-01  3.971479E-01  2.917332E-11
2.000000E-01  3.681246E-01  2.547096E-11
2.000000E-01  3.387379E-01  2.218592E-11
2.000000E-01  3.090170E-01  1.926921E-11
2.000000E-01  2.789911E-01  1.668550E-11
2.000000E-01  2.486899E-01  1.441279E-11
2.000000E-01  2.181432E-01  1.241682E-11
2.000000E-01  1.873813E-01  1.067133E-11
2.000000E-01  1.564345E-01  9.150178E-12
2.000000E-01  1.253332E-01  7.830402E-12
2.000000E-01  9.410831E-02  6.684878E-12
2.000000E-01  6.279052E-02  5.698466E-12
2.000000E-01  3.141076E-02  4.847801E-12
2.000000E-01  -1.271035E-15  4.123691E-12
2.200000E-01  1.000000E+00  6.224230E-10
2.200000E-01  9.995066E-01  6.209717E-10
2.200000E-01  9.980267E-01  6.173585E-10
2.200000E-01  9.955620E-01  6.110163E-10
2.200000E-01  9.921147E-01  6.023686E-10
2.200000E-01  9.876883E-01  5.913641E-10
2.200000E-01  9.822873E-01  5.782265E-10
2.200000E-01  9.759168E-01  5.630035E-10
2.200000E-01  9.685832E-01  5.458025E-10
2.200000E-01  9.602937E-01  5.267523E-10
2.200000E-01  9.510565E-01  3.906355E-10
2.200000E-01  9.408808E-01  3.764654E-10
2.200000E-01  9.297765E-01  4.627419E-10
2.200000E-01  9.177546E-01  4.393093E-10
2.200000E-01  9.048271E-01  4.154466E-10
2.200000E-01  8.910065E-01  3.778915E-10
2.200000E-01  8.763067E-01  3.541089E-10
2.200000E-01  8.607420E-01  3.428524E-10
2.200000E-01  8.443279E-01  3.188807E-10
2.200000E-01  8.270806E-01  2.944205E-10
2.200000E-01  8.090170E-01  2.723166E-10
2.200000E-01  7.901550E-01  2.503721E-10
2.200000E-01  7.705132E-01  2.292231E-10
2.200000E-01  7.501111E-01  2.089068E-10
2.200000E-01  7.289686E-01  1.894756E-10
2.200000E-01  7.071068E-01  1.712849E-10
2.200000E-01  6.845471E-01  1.541743E-10
2.200000E-01  6.613119E-01  1.381365E-10
2.200000E-01  6.374240E-01  1.233636E-10
2.200000E-01  6.129071E-01  1.097300E-10
2.200000E-01  5.877853E-01  9.717594E-11
2.200000E-01  5.620834E-01  8.560679E-11
2.200000E-01  5.358268E-01  7.526044E-11
2.200000E-01  5.090414E-01  6.586787E-11
2.200000E-01  4.817537E-01  5.737844E-11
2.200000E-01  4.539905E-01  4.987161E-11
2.200000E-01  4.257793E-01  4.316213E-11
2.200000E-01  3.971479E-01  3.724733E-11
2.200000E-01  3.681246E-01  3.197972E-11
2.200000E-01  3.387379E-01  2.739060E-11
2.200000E-01  3.090170E-01  2.338100E-11
2.200000E-01  2.789911E-01  1.989502E-11
2.200000E-01  2.486899E-01  1.687830E-11
2.200000E-01  2.181432E-01  1.427691E-11
2.200000E-01  1.873813E-01  1.204261E-11
2.200000E-01  1.564345E-01  1.013389E-11
2.200000E-01  1.253332E-01  8.505755E-12
2.200000E-01  9.410831E-02  7.120166E-12
2.200000E-01  6.279052E-02  5.948588E-12
2.200000E-01  3.141076E-02  4.961884E-12
2.200000E-01  -1.271035E-15  4.131087E-12
2.400000E-01  1.000000E+00  1.032208E-09
2.400000E-01  9.995066E-01  1.027733E-09
2.400000E-01  9.980267E-01  1.021563E-09
2.400000E-01  9.955620E-01  1.009697E-09
2.400000E-01  9.921147E-01  9.939907E-10
2.400000E-01  9.876883E-01  9.738324E-10
2.400000E-01  9.822873E-01  9.506997E-10
2.400000E-01  9.759168E-01  7.043819E-10
2.400000E-01  9.685832E-01  6.864974E-10
2.400000E-01  9.602937E-01  8.576755E-10
2.400000E-01  9.510565E-01  8.213691E-10
2.400000E-01  9.408808E-01  7.834069E-10
2.400000E-01  9.297765E-01  7.431735E-10
2.400000E-01  9.177546E-01  7.021021E-10
2.400000E-01  9.048271E-01  6.376646E-10
2.400000E-01  8.910065E-01  5.957948E-10
2.400000E-01  8.763067E-01  5.759971E-10
2.400000E-01  8.607420E-01  5.340996E-10
2.400000E-01  8.443279E-01  4.934685E-10
2.400000E-01  8.270806E-01  4.533137E-10
2.400000E-01  8.090170E-01  4.144966E-10
2.400000E-01  7.901550E-01  3.775383E-10
2.400000E-01  7.705132E-01  3.423758E-10
2.400000E-01  7.501111E-01  3.082623E-10
2.400000E-01  7.289686E-01  2.772054E-10
2.400000E-01  7.071068E-01  2.479856E-10
2.400000E-01  6.845471E-01  2.205005E-10
2.400000E-01  6.613119E-01  1.954209E-10
2.400000E-01  6.374240E-01  1.724960E-10
2.400000E-01  6.129071E-01  1.515102E-10
2.400000E-01  5.877853E-01  1.324149E-10
2.400000E-01  5.620834E-01  1.149996E-10
2.400000E-01  5.358268E-01  9.960936E-11
2.400000E-01  5.090414E-01  8.599684E-11
2.400000E-01  4.817537E-01  7.388789E-11
2.400000E-01  4.539905E-01  6.316992E-11
2.400000E-01  4.257793E-01  5.380045E-11
2.400000E-01  3.971479E-01  4.563880E-11
2.400000E-01  3.681246E-01  3.857391E-11
2.400000E-01  3.387379E-01  3.248050E-11
2.400000E-01  3.090170E-01  2.723176E-11
2.400000E-01  2.789911E-01  2.275006E-11
2.400000E-01  2.486899E-01  1.894592E-11
2.400000E-01  2.181432E-01  1.572868E-11
2.400000E-01  1.873813E-01  1.298874E-11
2.400000E-01  1.564345E-01  1.073907E-11
2.400000E-01  1.253332E-01  8.833391E-12
2.400000E-01  9.410831E-02  7.248557E-12
2.400000E-01  6.279052E-02  5.931599E-12
2.400000E-01  3.141076E-02  4.845361E-12
2.400000E-01  -1.271035E-15  3.945688E-12
2.600000E-01  1.000000E+00  1.647276E-09
2.600000E-01  9.995066E-01  1.641272E-09
2.600000E-01  9.980267E-01  1.630469E-09
2.600000E-01  9.955620E-01  1.610493E-09
2.600000E-01  9.921147E-01  1.583192E-09
2.600000E-01  9.876883E-01  1.173914E-09
2.600000E-01  9.822873E-01  1.506929E-09
2.600000E-01  9.759168E-01  1.459636E-09
2.600000E-01  9.685832E-01  1.405921E-09
2.600000E-01  9.602937E-01  1.347220E-09
2.600000E-01  9.510565E-01  1.285399E-09
2.600000E-01  9.408808E-01  1.217676E-09
2.600000E-01  9.297765E-01  1.149723E-09
2.600000E-01  9.177546E-01  1.045929E-09
2.600000E-01  9.048271E-01  9.766482E-10
2.600000E-01  8.910065E-01  9.424868E-10
2.600000E-01  8.763067E-01  8.727971E-10
2.600000E-01  8.607420E-01  8.038330E-10
2.600000E-01  8.443279E-01  7.365441E-10
2.600000E-01  8.270806E-01  6.715623E-10
2.600000E-01  8.090170E-01  6.093134E-10
2.600000E-01  7.901550E-01  5.493909E-10
2.600000E-01  7.705132E-01  4.927852E-10
2.600000E-01  7.501111E-01  4.411668E-10
2.600000E-01  7.289686E-01  3.921486E-10
2.600000E-01  7.071068E-01  3.464191E-10
2.600000E-01  6.845471E-01  3.048850E-10
2.600000E-01  6.613119E-01  2.672645E-10
2.600000E-01  6.374240E-01  2.328667E-10
2.600000E-01  6.129071E-01  2.018542E-10
2.600000E-01  5.877853E-01  1.740913E-10
2.600000E-01  5.620834E-01  1.494023E-10
2.600000E-01  5.358268E-01  1.275967E-10
2.600000E-01  5.090414E-01  1.084043E-10
2.600000E-01  4.817537E-01  9.173376E-11
2.600000E-01  4.539905E-01  7.707996E-11
2.600000E-01  4.257793E-01  6.466560E-11
2.600000E-01  3.971479E-01  5.387217E-11
2.600000E-01  3.681246E-01  4.474203E-11
2.600000E-01  3.387379E-01  3.699574E-11
2.600000E-01  3.090170E-01  3.047146E-11
2.600000E-01  2.789911E-01  2.499697E-11
2.600000E-01  2.486899E-01  2.041882E-11
2.600000E-01  2.181432E-01  1.662065E-11
2.600000E-01  1.873813E-01  1.348267E-11
2.600000E-01  1.564345E-01  1.089812E-11
2.600000E-01  1.253332E-01  8.782969E-12
2.600000E-01  9.410831E-02  7.059752E-12
2.600000E-01  6.279052E-02  5.654260E-12
2.600000E-01  3.141076E-02  4.518696E-12
2.600000E-01  -1.271035E-15  3.603424E-12
2.800000E-01  1.000000E+00  2.537685E-09
2.800000E-01  9.995066E-01  2.529763E-09
2.800000E-01  9.980267E-01  2.510401E-09
2.800000E-01  9.955620E-01  1.853298E-09
2.800000E-01  9.921147E-01  2.429998E-09
2.800000E-01  9.876883E-01  2.375304E-09
2.800000E-01  9.822873E-01  2.306680E-09
2.800000E-01  9.759168E-01  2.227429E-09
2.800000E-01  9.685832E-01  2.140269E-09
2.800000E-01  9.602937E-01  2.044371E-09
2.800000E-01  9.510565E-01  1.942071E-09
2.800000E-01  9.408808E-01  1.836727E-09
2.800000E-01  9.297765E-01  1.725494E-09
2.800000E-01  9.177546E-01  1.557119E-09
2.800000E-01  9.048271E-01  1.498986E-09
2.800000E-01  8.910065E-01  1.385300E-09
2.800000E-01  8.763067E-01  1.271884E-09
2.800000E-01  8.607420E-01  1.168652E-09
2.800000E-01  8.443279E-01  1.062919E-09
2.800000E-01  8.270806E-01  9.612829E-10
2.800000E-01  8.090170E-01  8.647607E-10
2.800000E-01  7.901550E-01  7.740103E-10
2.800000E-01  7.705132E-01  6.884018E-10
2.800000E-01  7.501111E-01  6.090312E-10
2.800000E-01  7.289686E-01  5.357099E-10
2.800000E-01  7.071068E-01  4.685809E-10
2.800000E-01  6.845471E-01  4.077727E-10
2.800000E-01  6.613119E-01  3.526417E-10
2.800000E-01  6.374240E-01  3.035631E-10
2.800000E-01  6.129071E-01  2.597400E-10
2.800000E-01  5.877853E-01  2.210456E-10
2.800000E-01  5.620834E-01  1.870462E-10
2.800000E-01  5.358268E-01  1.569881E-10
2.800000E-01  5.090414E-01  1.317380E-10
2.800000E-01  4.817537E-01  1.093617E-10
2.800000E-01  4.539905E-01  9.069002E-11
2.800000E-01  4.257793E-01  7.472623E-11
2.800000E-01  3.971479E-01  6.142413E-11
2.800000E-01  3.681246E-01  5.011270E-11
2.800000E-01  3.387379E-01  4.063923E-11
2.800000E-01  3.090170E-01  3.289539E-11
2.800000E-01  2.789911E-01  2.642436E-11
2.800000E-01  2.486899E-01  2.113752E-11
2.800000E-01  2.181432E-01  1.689312E-11
2.800000E-01  1.873813E-01  1.336404E-11
2.800000E-01  1.564345E-01  1.061081E-11
2.800000E-01  1.253332E-01  8.370414E-12
2.800000E-01  9.410831E-02  6.578862E-12
2.800000E-01  6.279052E-02  5.158131E-12
2.800000E-01  3.141076E-02  4.032241E-12
2.800000E-01  -1.271035E-15  3.143211E-12
3.000000E-01  1.000000E+00  3.772935E-09
3.000000E-01  9.995066E-01  2.756531E-09
3.000000E-01  9.980267E-01  3.733799E-09
3.000000E-01  9.955620E-01  3.682745E-09
3.000000E-01  9.921147E-01  3.611185E-09
3.000000E-01  9.876883E-01  3.519966E-09
3.000000E-01  9.822873E-01  3.412785E-09
3.000000E-01  9.759168E-01  3.286076E-09
3.000000E-01  9.685832E-01  3.147033E-09
3.000000E-01  9.602937E-01  2.997568E-09
3.000000E-01  9.510565E-01  2.841880E-09
3.000000E-01  9.408808E-01  2.671644E-09
3.000000E-01  9.297765E-01  2.413421E-09
3.000000E-01  9.177546E-01  2.326678E-09
3.000000E-01  9.048271E-01  2.151211E-09
3.000000E-01  8.910065E-01  1.977631E-09
3.000000E-01  8.763067E-01  1.800752E-09
3.000000E-01  8.607420E-01  1.641059E-09
3.000000E-01  8.443279E-01  1.483564E-09
3.000000E-01  8.270806E-01  1.331088E-09
3.000000E-01  8.090170E-01  1.188128E-09
3.000000E-01  7.901550E-01  1.053521E-09
3.000000E-01  7.705132E-01  9.283931E-10
3.000000E-01  7.501111E-01  8.134592E-10
3.000000E-01  7.289686E-01  7.081676E-10
3.000000E-01  7.071068E-01  6.128458E-10
3.000000E-01  6.845471E-01  5.269191E-10
3.000000E-01  6.613119E-01  4.503091E-10
3.000000E-01  6.374240E-01  3.826002E-10
3.000000E-01  6.129071E-01  3.230529E-10
3.000000E-01  5.877853E-01  2.710521E-10
3.000000E-01  5.620834E-01  2.259355E-10
3.000000E-01  5.358268E-01  1.874297E-10
3.000000E-01  5.090414E-01  1.545336E-10
3.000000E-01  4.817537E-01  1.265873E-10
3.000000E-01  4.539905E-01  1.032900E-10
3.000000E-01  4.257793E-01  8.363804E-11
3.000000E-01  3.971479E-01  6.737753E-11
3.000000E-01  3.681246E-01  5.399335E-11
3.000000E-01  3.387379E-01  4.302446E-11
3.000000E-01  3.090170E-01  3.410012E-11
3.000000E-01  2.789911E-01  2.691769E-11
3.000000E-01  2.486899E-01  2.113811E-11
3.000000E-01  2.181432E-01  1.652017E-11
3.000000E-01  1.873813E-01  1.285548E-11
3.000000E-01  1.564345E-01  9.964099E-12
3.000000E-01  1.253332E-01  7.690654E-12
3.000000E-01  9.410831E-02  5.912980E-12
3.000000E-01  6.279052E-02  4.532202E-12
3.000000E-01  3.141076E-02  3.459051E-12
3.000000E-01  -1.271035E-15  2.635483E-12
3.200000E-01  1.000000E+00  3.921728E-09
3.200000E-01  9.995066E-01  5.420229E-09
3.200000E-01  9.980267E-01  5.372014E-09
3.200000E-01  9.955620E-01  5.291245E-09
3.200000E-01  9.921147E-01  5.183095E-09
3.200000E-01  9.876883E-01  5.041373E-09
3.200000E-01  9.822873E-01  4.875595E-09
3.200000E-01  9.759168E-01  4.687206E-09
3.200000E-01  9.685832E-01  4.478813E-09
3.200000E-01  9.602937E-01  4.250758E-09
3.200000E-01  9.510565E-01  4.010481E-09
3.200000E-01  9.408808E-01  3.633146E-09
3.200000E-01  9.297765E-01  3.503711E-09
3.200000E-01  9.177546E-01  3.241260E-09
3.200000E-01  9.048271E-01  2.976409E-09
3.200000E-01  8.910065E-01  2.726838E-09
3.200000E-01  8.763067E-01  2.465975E-09
3.200000E-01  8.607420E-01  2.232711E-09
3.200000E-01  8.443279E-01  2.000623E-09
3.200000E-01  8.270806E-01  1.779356E-09
3.200000E-01  8.090170E-01  1.580122E-09
3.200000E-01  7.901550E-01  1.389038E-09
3.200000E-01  7.705132E-01  1.212897E-09
3.200000E-01  7.501111E-01  1.052589E-09
3.200000E-01  7.289686E-01  9.062421E-10
3.200000E-01  7.071068E-01  7.755211E-10
3.200000E-01  6.845471E-01  6.592712E-10
3.200000E-01  6.613119E-01  5.566693E-10
3.200000E-01  6.374240E-01  4.669893E-10
3.200000E-01  6.129071E-01  3.889966E-10
3.200000E-01  5.877853E-01  3.218610E-10
3.200000E-01  5.620834E-01  2.646600E-10
3.200000E-01  5.358268E-01  2.162465E-10
3.200000E-01  5.090414E-01  1.752712E-10
3.200000E-01  4.817537E-01  1.413118E-10
3.200000E-01  4.539905E-01  1.132041E-10
3.200000E-01  4.257793E-01  9.006535E-11
3.200000E-01  3.971479E-01  7.130076E-11
3.200000E-01  3.681246E-01  5.607341E-11
3.200000E-01  3.387379E-01  4.383229E-11
3.200000E-01  3.090170E-01  3.407786E-11
3.200000E-01  2.789911E-01  2.634697E-11
3.200000E-01  2.486899E-01  2.026802E-11
3.200000E-01  2.181432E-01  1.549609E-11
3.200000E-01  1.873813E-01  1.172897E-11
3.200000E-01  1.564345E-01  8.891044E-12
3.200000E-01  1.253332E-01  6.709877E-12
3.200000E-01  9.410831E-02  5.043080E-12
3.200000E-01  6.279052E-02  3.773412E-12
3.200000E-01  3.141076E-02  2.815985E-12
3.200000E-01  -1.271035E-15  2.093617E-12
3.400000E-01  1.000000E+00  7.578174E-09
3.400000E-01  9.995066E-01  7.551281E-09
3.400000E-01  9.980267E-01  7.481622E-09
3.400000E-01  9.955620E-01  7.365133E-09
3.400000E-01  9.921147E-01  7.203269E-09
3.400000E-01  9.876883E-01  6.997347E-09
3.400000E-01  9.822873E-01  6.753993E-09
3.400000E-01  9.759168E-01  6.475311E-09
3.400000E-01  9.685832E-01  6.172616E-09
3.400000E-01  9.602937E-01  5.841273E-09
3.400000E-01  9.510565E-01  5.490921E-09
3.400000E-01  9.408808E-01  4.951440E-09
3.400000E-01  9.297765E-01  4.758837E-09
3.400000E-01  9.177546E-01  4.384794E-09
3.400000E-01  9.048271E-01  4.013140E-09
3.400000E-01  8.910065E-01  3.646371E-09
3.400000E-01  8.763067E-01  3.277297E-09
3.400000E-01  8.607420E-01  2.940965E-09
3.400000E-01  8.443279E-01  2.614678E-09
3.400000E-01  8.270806E-01  2.314599E-09
3.400000E-01  8.090170E-01  2.034425E-09
3.400000E-01  7.901550E-01  1.775369E-09
3.400000E-01  7.705132E-01  1.535875E-09
3.400000E-01  7.501111E-01  1.318787E-09
3.400000E-01  7.289686E-01  1.124376E-09
3.400000E-01  7.071068E-01  9.518321E-10
3.400000E-01  6.845471E-01  7.996462E-10
3.400000E-01  6.613119E-01  6.667645E-10
3.400000E-01  6.374240E-01  5.520108E-10
3.400000E-01  6.129071E-01  4.536924E-10
3.400000E-01  5.877853E-01  3.698689E-10
3.400000E-01  5.620834E-01  2.995222E-10
3.400000E-01  5.358268E-01  2.409375E-10
3.400000E-01  5.090414E-01  1.923550E-10
3.400000E-01  4.817537E-01  1.525323E-10
3.400000E-01  4.539905E-01  1.200441E-10
3.400000E-01  4.257793E-01  9.388161E-11
3.400000E-01  3.971479E-01  7.287593E-11
3.400000E-01  3.681246E-01  5.623966E-11
3.400000E-01  3.387379E-01  4.310352E-11
3.400000E-01  3.090170E-01  3.261982E-11
3.400000E-01  2.789911E-01  2.460179E-11
3.400000E-01  2.486899E-01  1.858867E-11
3.400000E-01  2.181432E-01  1.390387E-11
3.400000E-01  1.873813E-01  1.035969E-11
3.400000E-01  1.564345E-01  7.669232E-12
3.400000E-01  1.253332E-01  5.661555E-12
3.400000E-01  9.410831E-02  4.151692E-12
3.400000E-01  6.279052E-02  3.034679E-12
3.400000E-01  3.141076E-02  2.208714E-12
3.400000E-01  -1.271035E-15  1.602174E-12
3.600000E-01  1.000000E+00  1.024768E-08
3.600000E-01  9.995066E-01  1.021074E-08
3.600000E-01  9.980267E-01  1.011503E-08
3.600000E-01  9.955620E-01  9.946045E-09
3.600000E-01  9.921147E-01  9.714973E-09
3.600000E-01  9.876883E-01  9.425354E-09
3.600000E-01  9.822873E-01  9.080898E-09
3.600000E-01  9.759168E-01  8.715308E-09
3.600000E-01  9.685832E-01  8.255177E-09
3.600000E-01  9.602937E-01  7.791036E-09
3.600000E-01  9.510565E-01  7.300231E-09
3.600000E-01  9.408808E-01  6.792653E-09
3.600000E-01  9.297765E-01  6.274758E-09
3.600000E-01  9.177546E-01  5.755153E-09
3.600000E-01  9.048271E-01  5.241548E-09
3.600000E-01  8.910065E-01  4.738513E-09
3.600000E-01  8.763067E-01  4.248761E-09
3.600000E-01  8.607420E-01  3.782156E-09
3.600000E-01  8.443279E-01  3.334816E-09
3.600000E-01  8.270806E-01  2.920810E-09
3.600000E-01  8.090170E-01  2.541308E-09
3.600000E-01  7.901550E-01  2.199276E-09
3.600000E-01  7.705132E-01  1.886100E-09
3.600000E-01  7.501111E-01  1.604711E-09
3.600000E-01  7.289686E-01  1.354084E-09
3.600000E-01  7.071068E-01  1.133151E-09
3.600000E-01  6.845471E-01  9.378834E-10
3.600000E-01  6.613119E-01  7.749975E-10
3.600000E-01  6.374240E-01  6.330401E-10
3.600000E-01  6.129071E-01  5.129260E-10
3.600000E-01  5.877853E-01  4.124865E-10
3.600000E-01  5.620834E-01  3.290196E-10
3.600000E-01  5.358268E-01  2.603796E-10
3.600000E-01  5.090414E-01  2.044446E-10
3.600000E-01  4.817537E-01  1.590510E-10
3.600000E-01  4.539905E-01  1.228913E-10
3.600000E-01  4.257793E-01  9.403274E-11
3.600000E-01  3.971479E-01  7.157405E-11
3.600000E-01  3.681246E-01  5.412214E-11
3.600000E-01  3.387379E-01  4.063929E-11
3.600000E-01  3.090170E-01  3.031173E-11
3.600000E-01  2.789911E-01  2.245560E-11
3.600000E-01  2.486899E-01  1.653540E-11
3.600000E-01  2.181432E-01  1.209650E-11
3.600000E-01  1.873813E-01  8.802190E-12
3.600000E-01  1.564345E-01  6.368435E-12
3.600000E-01  1.253332E-01  4.581057E-12
3.600000E-01  9.410831E-02  3.281330E-12
3.600000E-01  6.279052E-02  2.339787E-12
3.600000E-01  3.141076E-02  1.660402E-12
3.600000E-01  -1.271035E-15  1.180138E-12
3.800000E-01  1.000000E+00  1.347863E-08
3.800000E-01  9.995066E-01  1.343062E-08
3.800000E-01  9.980267E-01  1.333734E-08
3.800000E-01  9.955620E-01  1.306824E-08
3.800000E-01  9.921147E-01  1.274582E-08
3.800000E-01  9.876883E-01  1.234442E-08
3.800000E-01  9.822873E-01  1.187027E-08
3.800000E-01  9.759168E-01  1.133420E-08
3.800000E-01  9.685832E-01  1.074287E-08
3.800000E-01  9.602937E-01  1.010946E-08
3.800000E-01  9.510565E-01  9.122930E-09
3.800000E-01  9.408808E-01  8.751975E-09
3.800000E-01  9.297765E-01  8.048584E-09
3.800000E-01  9.177546E-01  7.347333E-09
3.800000E-01  9.048271E-01  6.659281E-09
3.800000E-01  8.910065E-01  5.989027E-09
3.800000E-01  8.763067E-01  5.338313E-09
3.800000E-01  8.607420E-01  4.722671E-09
3.800000E-01  8.443279E-01  4.144160E-09
3.800000E-01  8.270806E-01  3.606780E-09
3.800000E-01  8.090170E-01  3.116392E-09
3.800000E-01  7.901550E-01  2.658880E-09
3.800000E-01  7.705132E-01  2.257287E-09
3.800000E-01  7.501111E-01  1.899662E-09
3.800000E-01  7.289686E-01  1.585047E-09
3.800000E-01  7.071068E-01  1.311758E-09
3.800000E-01  6.845471E-01  1.076187E-09
3.800000E-01  6.613119E-01  8.758020E-10
3.800000E-01  6.374240E-01  7.040690E-10
3.800000E-01  6.129071E-01  5.652330E-10
3.800000E-01  5.877853E-01  4.443925E-10
3.800000E-01  5.620834E-01  3.488746E-10
3.800000E-01  5.358268E-01  2.715414E-10
3.800000E-01  5.090414E-01  1.967020E-10
3.800000E-01  4.817537E-01  1.498618E-10
3.800000E-01  4.539905E-01  1.176014E-10
3.800000E-01  4.257793E-01  9.152038E-11
3.800000E-01  3.971479E-01  6.846200E-11
3.800000E-01  3.681246E-01  5.075442E-11
3.800000E-01  3.387379E-01  3.726147E-11
3.800000E-01  3.090170E-01  2.719082E-11
3.800000E-01  2.789911E-01  1.973838E-11
3.800000E-01  2.486899E-01  1.418667E-11
3.800000E-01  2.181432E-01  9.162808E-12
3.800000E-01  1.873813E-01  6.494889E-12
3.800000E-01  1.564345E-01  4.580298E-12
3.800000E-01  1.253332E-01  3.570782E-12
3.800000E-01  9.410831E-02  2.497250E-12
3.800000E-01  6.279052E-02  1.732944E-12
3.800000E-01  3.141076E-02  1.197641E-12
3.800000E-01  -1.271035E-15  8.249255E-13
4.000000E-01  1.000000E+00  1.728756E-08
4.000000E-01  9.995066E-01  1.721997E-08
4.000000E-01  9.980267E-01  1.703880E-08
4.000000E-01  9.955620E-01  1.672592E-08
4.000000E-01  9.921147E-01  1.629714E-08
4.000000E-01  9.876883E-01  1.576381E-08
4.000000E-01  9.822873E-01  1.513091E-08
4.000000E-01  9.759168E-01  1.441530E-08
4.000000E-01  9.685832E-01  1.362840E-08
4.000000E-01  9.602937E-01  1.278969E-08
4.000000E-01  9.510565E-01  1.150123E-08
4.000000E-01  9.408808E-01  1.099477E-08
4.000000E-01  9.297765E-01  1.006643E-08
4.000000E-01  9.177546E-01  9.152957E-09
4.000000E-01  9.048271E-01  8.250220E-09
4.000000E-01  8.910065E-01  7.385780E-09
4.000000E-01  8.763067E-01  6.537467E-09
4.000000E-01  8.607420E-01  5.747806E-09
4.000000E-01  8.443279E-01  5.005284E-09
4.000000E-01  8.270806E-01  4.319252E-09
4.000000E-01  8.090170E-01  3.696872E-09
4.000000E-01  7.901550E-01  3.153762E-09
4.000000E-01  7.705132E-01  2.634343E-09
4.000000E-01  7.501111E-01  2.193980E-09
4.000000E-01  7.289686E-01  1.807295E-09
4.000000E-01  7.071068E-01  1.474616E-09
4.000000E-01  6.845471E-01  1.194229E-09
4.000000E-01  6.613119E-01  9.582065E-10
4.000000E-01  6.374240E-01  7.615375E-10
4.000000E-01  6.129071E-01  5.994469E-10
4.000000E-01  5.877853E-01  4.674478E-10
4.000000E-01  5.620834E-01  3.608496E-10
4.000000E-01  5.358268E-01  2.762157E-10
4.000000E-01  5.090414E-01  2.094757E-10
4.000000E-01  4.817537E-01  1.576244E-10
4.000000E-01  4.539905E-01  1.172159E-10
4.000000E-01  4.257793E-01  8.651591E-11
4.000000E-01  3.971479E-01  6.332152E-11
4.000000E-01  3.681246E-01  4.593665E-11
4.000000E-01  3.387379E-01  3.305474E-11
4.000000E-01  3.090170E-01  2.359269E-11
4.000000E-01  2.789911E-01  1.670932E-11
4.000000E-01  2.486899E-01  1.174679E-11
4.000000E-01  2.181432E-01  8.199282E-12
4.000000E-01  1.873813E-01  5.682653E-12
4.000000E-01  1.564345E-01  3.912516E-12
4.000000E-01  1.253332E-01  2.677127E-12
4.000000E-01  9.410831E-02  1.821256E-12
4.000000E-01  6.279052E-02  1.231842E-12
4.000000E-01  3.141076E-02  8.289373E-13
4.000000E-01  -1.271035E-15  4.871700E-13
4.200000E-01  1.000000E+00  2.166933E-08
4.200000E-01  9.995066E-01  2.158466E-08
4.200000E-01  9.980267E-01  2.134255E-08
4.200000E-01  9.955620E-01  2.094019E-08
4.200000E-01  9.921147E-01  2.035040E-08
4.200000E-01  9.876883E-01  2.053084E-08
4.200000E-01  9.822873E-01  1.885664E-08
4.200000E-01  9.759168E-01  1.792709E-08
4.200000E-01  9.685832E-01  1.690481E-08
4.200000E-01  9.602937E-01  1.581699E-08
4.200000E-01  9.510565E-01  1.417060E-08
4.200000E-01  9.408808E-01  1.349929E-08
4.200000E-01  9.297765E-01  1.231811E-08
4.200000E-01  9.177546E-01  1.114177E-08
4.200000E-01  9.048271E-01  9.990169E-09
4.200000E-01  8.910065E-01  8.881579E-09
4.200000E-01  8.763067E-01  7.825176E-09
4.200000E-01  8.607420E-01  6.819880E-09
4.200000E-01  8.443279E-01  5.904421E-09
4.200000E-01  8.270806E-01  5.056541E-09
4.200000E-01  8.090170E-01  4.289524E-09
4.200000E-01  7.901550E-01  3.600074E-09
4.200000E-01  7.705132E-01  2.995653E-09
4.200000E-01  7.501111E-01  2.463667E-09
4.200000E-01  7.289686E-01  2.010118E-09
4.200000E-01  7.071068E-01  1.622735E-09
4.200000E-01  6.845471E-01  1.297356E-09
4.200000E-01  6.613119E-01  1.026662E-09
4.200000E-01  6.374240E-01  8.043540E-10
4.200000E-01  6.129071E-01  6.230807E-10
4.200000E-01  5.877853E-01  4.783609E-10
4.200000E-01  5.620834E-01  3.634552E-10
4.200000E-01  5.358268E-01  2.734453E-10
4.200000E-01  5.090414E-01  2.036427E-10
4.200000E-01  4.817537E-01  1.501567E-10
4.200000E-01  4.539905E-01  1.096746E-10
4.200000E-01  4.257793E-01  7.933003E-11
4.200000E-01  3.971479E-01  5.685358E-11
4.200000E-01  3.681246E-01  4.036501E-11
4.200000E-01  3.387379E-01  2.840178E-11
4.200000E-01  3.090170E-01  1.980644E-11
4.200000E-01  2.789911E-01  1.370148E-11
4.200000E-01  2.486899E-01  9.400447E-12
4.200000E-01  2.181432E-01  6.399161E-12
4.200000E-01  1.873813E-01  4.323886E-12
4.200000E-01  1.564345E-01  2.900854E-12
4.200000E-01  1.253332E-01  1.933070E-12
4.200000E-01  9.410831E-02  1.280469E-12
4.200000E-01  6.279052E-02  8.424436E-13
4.200000E-01  3.141076E-02  5.513713E-13
4.200000E-01  -1.271035E-15  3.593437E-13
4.400000E-01  1.000000E+00  2.662992E-08
4.400000E-01  9.995066E-01  2.653474E-08
4.400000E-01  9.980267E-01  2.622276E-08
4.400000E-01  9.955620E-01  2.569440E-08
4.400000E-01  9.921147E-01  2.498575E-08
4.400000E-01  9.876883E-01  2.409300E-08
4.400000E-01  9.822873E-01  2.304719E-08
4.400000E-01  9.759168E-01  2.186365E-08
4.400000E-01  9.685832E-01  2.054785E-08
4.400000E-01  9.602937E-01  1.918569E-08
4.400000E-01  9.510565E-01  1.773875E-08
4.400000E-01  9.408808E-01  1.625534E-08
4.400000E-01  9.297765E-01  1.477155E-08
4.400000E-01  9.177546E-01  1.329936E-08
4.400000E-01  9.048271E-01  1.185753E-08
4.400000E-01  8.910065E-01  1.048354E-08
4.400000E-01  8.763067E-01  9.174019E-09
4.400000E-01  8.607420E-01  7.953973E-09
4.400000E-01  8.443279E-01  6.825636E-09
4.400000E-01  8.270806E-01  5.784210E-09
4.400000E-01  8.090170E-01  4.860642E-09
4.400000E-01  7.901550E-01  4.046710E-09
4.400000E-01  7.705132E-01  3.331957E-09
4.400000E-01  7.501111E-01  2.715199E-09
4.400000E-01  7.289686E-01  2.189999E-09
4.400000E-01  7.071068E-01  1.746119E-09
4.400000E-01  6.845471E-01  1.377301E-09
4.400000E-01  6.613119E-01  1.073762E-09
4.400000E-01  6.374240E-01  8.289675E-10
4.400000E-01  6.129071E-01  6.329188E-10
4.400000E-01  5.877853E-01  4.779122E-10
4.400000E-01  5.620834E-01  3.568261E-10
4.400000E-01  5.358268E-01  2.636267E-10
4.400000E-01  5.090414E-01  1.927384E-10
4.400000E-01  4.817537E-01  1.394246E-10
4.400000E-01  4.539905E-01  9.979194E-11
4.400000E-01  4.257793E-01  7.068486E-11
4.400000E-01  3.971479E-01  4.956917E-11
4.400000E-01  3.681246E-01  3.440899E-11
4.400000E-01  3.387379E-01  2.365298E-11
4.400000E-01  3.090170E-01  1.611003E-11
4.400000E-01  2.789911E-01  1.087595E-11
4.400000E-01  2.486899E-01  7.277365E-12
4.400000E-01  2.181432E-01  4.827943E-12
4.400000E-01  1.873813E-01  3.177848E-12
4.400000E-01  1.564345E-01  2.075608E-12
4.400000E-01  1.253332E-01  1.345861E-12
4.400000E-01  9.410831E-02  8.668963E-13
4.400000E-01  6.279052E-02  5.544773E-13
4.400000E-01  3.141076E-02  3.527238E-13
4.400000E-01  -1.271035E-15  2.233523E-13
4.600000E-01  1.000000E+00  3.227255E-08
4.600000E-01  9.995066E-01  3.214040E-08
4.600000E-01  9.980267E-01  3.174746E-08
4.600000E-01  9.955620E-01  3.112161E-08
4.600000E-01  9.921147E-01  3.018864E-08
4.600000E-01  9.876883E-01  2.906882E-08
4.600000E-01  9.822873E-01  2.774744E-08
4.600000E-01  9.759168E-01  2.626515E-08
4.600000E-01  9.685832E-01  2.464103E-08
4.600000E-01  9.602937E-01  2.290726E-08
4.600000E-01  9.510565E-01  2.112042E-08
4.600000E-01  9.408808E-01  1.927005E-08
4.600000E-01  9.297765E-01  1.744079E-08
4.600000E-01  9.177546E-01  1.562589E-08
4.600000E-01  9.048271E-01  1.386587E-08
4.600000E-01  8.910065E-01  1.217574E-08
4.600000E-01  8.763067E-01  1.058820E-08
4.600000E-01  8.607420E-01  9.103355E-09
4.600000E-01  8.443279E-01  7.734603E-09
4.600000E-01  8.270806E-01  6.514768E-09
4.600000E-01  8.090170E-01  5.432674E-09
4.600000E-01  7.901550E-01  4.475865E-09
4.600000E-01  7.705132E-01  3.646772E-09
4.600000E-01  7.501111E-01  2.938020E-09
4.600000E-01  7.289686E-01  2.340089E-09
4.600000E-01  7.071068E-01  1.842222E-09
4.600000E-01  6.845471E-01  1.433673E-09
4.600000E-01  6.613119E-01  1.101118E-09
4.600000E-01  6.374240E-01  8.372547E-10
4.600000E-01  6.129071E-01  6.288593E-10
4.600000E-01  5.877853E-01  4.668986E-10
4.600000E-01  5.620834E-01  3.433094E-10
4.600000E-01  5.358268E-01  2.485335E-10
4.600000E-01  5.090414E-01  1.782073E-10
4.600000E-01  4.817537E-01  1.263336E-10
4.600000E-01  4.539905E-01  8.853284E-11
4.600000E-01  4.257793E-01  6.137440E-11
4.600000E-01  3.971479E-01  4.208139E-11
4.600000E-01  3.681246E-01  2.854170E-11
4.600000E-01  3.387379E-01  1.915424E-11
4.600000E-01  3.090170E-01  1.274092E-11
4.600000E-01  2.789911E-01  8.384722E-12
4.600000E-01  2.486899E-01  5.466941E-12
4.600000E-01  2.181432E-01  3.532681E-12
4.600000E-01  1.873813E-01  2.262744E-12
4.600000E-01  1.564345E-01  1.437776E-12
4.600000E-01  1.253332E-01  9.062555E-13
4.600000E-01  9.410831E-02  5.673090E-13
4.600000E-01  6.279052E-02  3.523007E-13
4.600000E-01  3.141076E-02  2.175980E-13
4.600000E-01  -1.271035E-15  1.337240E-13
4.800000E-01  1.000000E+00  3.881420E-08
4.800000E-01  9.995066E-01  3.865307E-08
4.800000E-01  9.980267E-01  3.816382E-08
4.800000E-01  9.955620E-01  3.733831E-08
4.800000E-01  9.921147E-01  3.623554E-08
4.800000E-01  9.876883E-01  3.481928E-08
4.800000E-01  9.822873E-01  3.316799E-08
4.800000E-01  9.759168E-01  3.132729E-08
4.800000E-01  9.685832E-01  2.931877E-08
4.800000E-01  9.602937E-01  2.715951E-08
4.800000E-01  9.510565E-01  2.494122E-08
4.800000E-01  9.408808E-01  2.267321E-08
4.800000E-01  9.297765E-01  2.040210E-08
4.800000E-01  9.177546E-01  1.819276E-08
4.800000E-01  9.048271E-01  1.604989E-08
4.800000E-01  8.910065E-01  1.400952E-08
4.800000E-01  8.763067E-01  1.206492E-08
4.800000E-01  8.607420E-01  1.030304E-08
4.800000E-01  8.443279E-01  8.701545E-09
4.800000E-01  8.270806E-01  7.265671E-09
4.800000E-01  8.090170E-01  6.006454E-09
4.800000E-01  7.901550E-01  4.890421E-09
4.800000E-01  7.705132E-01  3.939074E-09
4.800000E-01  7.501111E-01  3.138095E-09
4.800000E-01  7.289686E-01  2.464589E-09
4.800000E-01  7.071068E-01  1.915407E-09
4.800000E-01  6.845471E-01  1.468787E-09
4.800000E-01  6.613119E-01  1.112541E-09
4.800000E-01  6.374240E-01  8.326405E-10
4.800000E-01  6.129071E-01  6.150666E-10
4.800000E-01  5.877853E-01  4.486636E-10
4.800000E-01  5.620834E-01  3.232444E-10
4.800000E-01  5.358268E-01  2.300024E-10
4.800000E-01  5.090414E-01  1.616503E-10
4.800000E-01  4.817537E-01  1.122582E-10
4.800000E-01  4.539905E-01  7.701963E-11
4.800000E-01  4.257793E-01  5.219642E-11
4.800000E-01  3.971479E-01  3.496323E-11
4.800000E-01  3.681246E-01  2.315253E-11
4.800000E-01  3.387379E-01  1.516333E-11
4.800000E-01  3.090170E-01  9.825397E-12
4.800000E-01  2.789911E-01  6.300165E-12
4.800000E-01  2.486899E-01  3.999914E-12
4.800000E-01  2.181432E-01  2.514698E-12
4.800000E-01  1.873813E-01  1.566538E-12
4.800000E-01  1.564345E-01  9.676186E-13
4.800000E-01  1.253332E-01  5.925923E-13
4.800000E-01  9.410831E-02  3.601171E-13
4.800000E-01  6.279052E-02  2.171706E-13
4.800000E-01  3.141076E-02  1.302967E-13
4.800000E-01  -1.271035E-15  7.763584E-14
5.000000E-01  1.000000E+00  4.703122E-08
5.000000E-01  9.995066E-01  4.671192E-08
5.000000E-01  9.980267E-01  4.617877E-08
5.000000E-01  9.955620E-01  4.518207E-08
5.000000E-01  9.921147E-01  4.369998E-08
5.000000E-01  9.876883E-01  4.201824E-08
5.000000E-01  9.822873E-01  3.995713E-08
5.000000E-01  9.759168E-01  3.758308E-08
5.000000E-01  9.685832E-01  3.506611E-08
5.000000E-01  9.602937E-01  3.235918E-08
5.000000E-01  9.510565E-01  2.959260E-08
5.000000E-01  9.408808E-01  2.682755E-08
5.000000E-01  9.297765E-01  2.399913E-08
5.000000E-01  9.177546E-01  2.130125E-08
5.000000E-01  9.048271E-01  1.866377E-08
5.000000E-01  8.910065E-01  1.612294E-08
5.000000E-01  8.763067E-01  1.381670E-08
5.000000E-01  8.607420E-01  1.169805E-08
5.000000E-01  8.443279E-01  9.795891E-09
5.000000E-01  8.270806E-01  8.108928E-09
5.000000E-01  8.090170E-01  6.614335E-09
5.000000E-01  7.901550E-01  5.334214E-09
5.000000E-01  7.705132E-01  4.248563E-09
5.000000E-01  7.501111E-01  3.338019E-09
5.000000E-01  7.289686E-01  2.588611E-09
5.000000E-01  7.071068E-01  1.984671E-09
5.000000E-01  6.845471E-01  1.500876E-09
5.000000E-01  6.613119E-01  1.118964E-09
5.000000E-01  6.374240E-01  8.231569E-10
5.000000E-01  6.129071E-01  5.976247E-10
5.000000E-01  5.877853E-01  4.282416E-10
5.000000E-01  5.620834E-01  3.026315E-10
5.000000E-01  5.358268E-01  2.112271E-10
5.000000E-01  5.090414E-01  1.453746E-10
5.000000E-01  4.817537E-01  9.874608E-11
5.000000E-01  4.539905E-01  6.624982E-11
5.000000E-01  4.257793E-01  4.383822E-11
5.000000E-01  3.971479E-01  2.871470E-11
5.000000E-01  3.681246E-01  1.853953E-11
5.000000E-01  3.387379E-01  1.183385E-11
5.000000E-01  3.090170E-01  7.472531E-12
5.000000E-01  2.789911E-01  4.666449E-12
5.000000E-01  2.486899E-01  2.883396E-12
5.000000E-01  2.181432E-01  1.762393E-12
5.000000E-01  1.873813E-01  1.066719E-12
5.000000E-01  1.564345E-01  6.407742E-13
5.000000E-01  1.253332E-01  3.814011E-13
5.000000E-01  9.410831E-02  2.247400E-13
5.000000E-01  6.279052E-02  1.316286E-13
5.000000E-01  3.141076E-02  7.653677E-14
5.000000E-01  -1.271035E-15  4.423080E-14
5.200000E-01  1.000000E+00  5.751189E-08
5.200000E-01  9.995066E-01  5.693701E-08
5.200000E-01  9.980267E-01  5.626657E-08
5.200000E-01  9.955620E-01  5.474521E-08
5.200000E-01  9.921147E-01  5.292434E-08
5.200000E-01  9.876883E-01  5.087643E-08
5.200000E-01  9.822873E-01  4.794602E-08
5.200000E-01  9.759168E-01  4.507885E-08
5.200000E-01  9.685832E-01  4.201489E-08
5.200000E-01  9.602937E-01  3.890082E-08
5.200000E-01  9.510565E-01  3.549320E-08
5.200000E-01  9.408808E-01  3.187057E-08
5.200000E-01  9.297765E-01  2.829848E-08
5.200000E-01  9.177546E-01  2.499020E-08
5.200000E-01  9.048271E-01  2.176661E-08
5.200000E-01  8.910065E-01  1.867324E-08
5.200000E-01  8.763067E-01  1.589098E-08
5.200000E-01  8.607420E-01  1.339131E-08
5.200000E-01  8.443279E-01  1.102948E-08
5.200000E-01  8.270806E-01  9.074366E-09
5.200000E-01  8.090170E-01  7.266503E-09
5.200000E-01  7.901550E-01  5.822234E-09
5.200000E-01  7.705132E-01  4.582136E-09
5.200000E-01  7.501111E-01  3.558022E-09
5.200000E-01  7.289686E-01  2.681903E-09
5.200000E-01  7.071068E-01  2.046917E-09
5.200000E-01  6.845471E-01  1.545265E-09
5.200000E-01  6.613119E-01  1.125798E-09
5.200000E-01  6.374240E-01  8.124361E-10
5.200000E-01  6.129071E-01  5.807381E-10
5.200000E-01  5.877853E-01  4.078872E-10
5.200000E-01  5.620834E-01  2.810426E-10
5.200000E-01  5.358268E-01  1.928553E-10
5.200000E-01  5.090414E-01  1.307930E-10
5.200000E-01  4.817537E-01  8.629118E-11
5.200000E-01  4.539905E-01  5.647302E-11
5.200000E-01  4.257793E-01  3.642752E-11
5.200000E-01  3.971479E-01  2.324380E-11
5.200000E-01  3.681246E-01  1.463221E-11
5.200000E-01  3.387379E-01  9.112524E-12
5.200000E-01  3.090170E-01  5.540507E-12
5.200000E-01  2.789911E-01  3.409953E-12
5.200000E-01  2.486899E-01  2.050929E-12
5.200000E-01  2.181432E-01  1.218268E-12
5.200000E-01  1.873813E-01  7.163089E-13
5.200000E-01  1.564345E-01  4.183317E-13
5.200000E-01  1.253332E-01  2.399716E-13
5.200000E-01  9.410831E-02  1.379341E-13
5.200000E-01  6.279052E-02  7.817203E-14
5.200000E-01  3.141076E-02  4.414676E-14
5.200000E-01  -1.271035E-15  2.476413E-14
5.400000E-01  1.000000E+00  6.875661E-08
5.400000E-01  9.995066E-01  6.857506E-08
5.400000E-01  9.980267E-01  6.777686E-08
5.400000E-01  9.955620E-01  6.717019E-08
5.400000E-01  9.921147E-01  6.401799E-08
5.400000E-01  9.876883E-01  6.131204E-08
5.400000E-01  9.822873E-01  5.801969E-08
5.400000E-01  9.759168E-01  5.452157E-08
5.400000E-01  9.685832E-01  5.026858E-08
5.400000E-01  9.602937E-01  4.615153E-08
5.400000E-01  9.510565E-01  4.164243E-08
5.400000E-01  9.408808E-01  3.747675E-08
5.400000E-01  9.297765E-01  3.344503E-08
5.400000E-01  9.177546E-01  2.906079E-08
5.400000E-01  9.048271E-01  2.498389E-08
5.400000E-01  8.910065E-01  2.163239E-08
5.400000E-01  8.763067E-01  1.820467E-08
5.400000E-01  8.607420E-01  1.494563E-08
5.400000E-01  8.443279E-01  1.229061E-08
5.400000E-01  8.270806E-01  9.986386E-09
5.400000E-01  8.090170E-01  7.994926E-09
5.400000E-01  7.901550E-01  6.305398E-09
5.400000E-01  7.705132E-01  4.931521E-09
5.400000E-01  7.501111E-01  3.735903E-09
5.400000E-01  7.289686E-01  2.848674E-09
5.400000E-01  7.071068E-01  2.119768E-09
5.400000E-01  6.845471E-01  1.538282E-09
5.400000E-01  6.613119E-01  1.114711E-09
5.400000E-01  6.374240E-01  7.965268E-10
5.400000E-01  6.129071E-01  5.544576E-10
5.400000E-01  5.877853E-01  3.820714E-10
5.400000E-01  5.620834E-01  2.568981E-10
5.400000E-01  5.358268E-01  1.728890E-10
5.400000E-01  5.090414E-01  1.132431E-10
5.400000E-01  4.817537E-01  7.406692E-11
5.400000E-01  4.539905E-01  4.772821E-11
5.400000E-01  4.257793E-01  3.001091E-11
5.400000E-01  3.971479E-01  1.866346E-11
5.400000E-01  3.681246E-01  1.136663E-11
5.400000E-01  3.387379E-01  6.867909E-12
5.400000E-01  3.090170E-01  3.863377E-12
5.400000E-01  2.789911E-01  2.424037E-12
5.400000E-01  2.486899E-01  1.411307E-12
5.400000E-01  2.181432E-01  8.157452E-13
5.400000E-01  1.873813E-01  4.471483E-13
5.400000E-01  1.564345E-01  2.620054E-13
5.400000E-01  1.253332E-01  1.469836E-13
5.400000E-01  9.410831E-02  8.300496E-14
5.400000E-01  6.279052E-02  4.608762E-14
5.400000E-01  3.141076E-02  2.400758E-14
5.400000E-01  -1.271035E-15  1.317039E-14
5.600000E-01  1.000000E+00  8.152760E-08
5.600000E-01  9.995066E-01  8.161161E-08
5.600000E-01  9.980267E-01  7.880305E-08
5.600000E-01  9.955620E-01  7.788055E-08
5.600000E-01  9.921147E-01  7.291232E-08
5.600000E-01  9.876883E-01  7.380810E-08
5.600000E-01  9.822873E-01  6.812529E-08
5.600000E-01  9.759168E-01  6.144563E-08
5.600000E-01  9.685832E-01  5.918274E-08
5.600000E-01  9.602937E-01  5.262583E-08
5.600000E-01  9.510565E-01  4.670819E-08
5.600000E-01  9.408808E-01  4.291368E-08
5.600000E-01  9.297765E-01  3.814784E-08
5.600000E-01  9.177546E-01  3.199094E-08
5.600000E-01  9.048271E-01  2.718478E-08
5.600000E-01  8.910065E-01  2.290573E-08
5.600000E-01  8.763067E-01  1.925028E-08
5.600000E-01  8.607420E-01  1.561920E-08
5.600000E-01  8.443279E-01  1.340394E-08
5.600000E-01  8.270806E-01  1.061481E-08
5.600000E-01  8.090170E-01  8.337038E-09
5.600000E-01  7.901550E-01  6.484510E-09
5.600000E-01  7.705132E-01  4.915729E-09
5.600000E-01  7.501111E-01  3.927812E-09
5.600000E-01  7.289686E-01  2.868682E-09
5.600000E-01  7.071068E-01  2.072867E-09
5.600000E-01  6.845471E-01  1.460123E-09
5.600000E-01  6.613119E-01  1.028427E-09
5.600000E-01  6.374240E-01  7.386741E-10
5.600000E-01  6.129071E-01  5.064942E-10
5.600000E-01  5.877853E-01  3.330500E-10
5.600000E-01  5.620834E-01  2.261866E-10
5.600000E-01  5.358268E-01  1.466409E-10
5.600000E-01  5.090414E-01  9.530795E-11
5.600000E-01  4.817537E-01  6.045873E-11
5.600000E-01  4.539905E-01  3.752351E-11
5.600000E-01  4.257793E-01  2.299337E-11
5.600000E-01  3.971479E-01  1.398747E-11
5.600000E-01  3.681246E-01  8.221061E-12
5.600000E-01  3.387379E-01  4.882823E-12
5.600000E-01  3.090170E-01  2.741895E-12
5.600000E-01  2.789911E-01  1.619098E-12
5.600000E-01  2.486899E-01  9.094797E-13
5.600000E-01  2.181432E-01  5.139470E-13
5.600000E-01  1.873813E-01  2.869893E-13
5.600000E-01  1.564345E-01  1.523637E-13
5.600000E-01  1.253332E-01  8.661163E-14
5.600000E-01  9.410831E-02  4.550151E-14
5.600000E-01  6.279052E-02  2.364003E-14
5.600000E-01  3.141076E-02  1.249099E-14
5.600000E-01  -1.271035E-15  6.476085E-15
5.800000E-01  1.000000E+00  8.546013E-08
5.800000E-01  9.995066E-01  7.975849E-08
5.800000E-01  9.980267E-01  8.248891E-08
5.800000E-01  9.955620E-01  8.085039E-08
5.800000E-01  9.921147E-01  7.936022E-08
5.800000E-01  9.876883E-01  7.538054E-08
5.800000E-01  9.822873E-01  7.194234E-08
5.800000E-01  9.759168E-01  6.665613E-08
5.800000E-01  9.685832E-01  5.979532E-08
5.800000E-01  9.602937E-01  5.522475E-08
5.800000E-01  9.510565E-01  5.103669E-08
5.800000E-01  9.408808E-01  4.400037E-08
5.800000E-01  9.297765E-01  3.841136E-08
5.800000E-01  9.177546E-01  3.381043E-08
5.800000E-01  9.048271E-01  2.857437E-08
5.800000E-01  8.910065E-01  2.426530E-08
5.800000E-01  8.763067E-01  1.958101E-08
5.800000E-01  8.607420E-01  1.689293E-08
5.800000E-01  8.443279E-01  1.329750E-08
5.800000E-01  8.270806E-01  1.045210E-08
5.800000E-01  8.090170E-01  8.149201E-09
5.800000E-01  7.901550E-01  6.245024E-09
5.800000E-01  7.705132E-01  4.738971E-09
5.800000E-01  7.501111E-01  3.565571E-09
5.800000E-01  7.289686E-01  2.630374E-09
5.800000E-01  7.071068E-01  1.839148E-09
5.800000E-01  6.845471E-01  1.336471E-09
5.800000E-01  6.613119E-01  9.715398E-10
5.800000E-01  6.374240E-01  6.313844E-10
5.800000E-01  6.129071E-01  4.204383E-10
5.800000E-01  5.877853E-01  2.891233E-10
5.800000E-01  5.620834E-01  1.888880E-10
5.800000E-01  5.358268E-01  1.159390E-10
5.800000E-01  5.090414E-01  7.453061E-11
5.800000E-01  4.817537E-01  4.303096E-11
5.800000E-01  4.539905E-01  2.712768E-11
5.800000E-01  4.257793E-01  1.612624E-11
5.800000E-01  3.971479E-01  9.775497E-12
5.800000E-01  3.681246E-01  5.804141E-12
5.800000E-01  3.387379E-01  3.234457E-12
5.800000E-01  3.090170E-01  1.702667E-12
5.800000E-01  2.789911E-01  1.144275E-12
5.800000E-01  2.486899E-01  5.397440E-13
5.800000E-01  2.181432E-01  2.892351E-13
5.800000E-01  1.873813E-01  1.407656E-13
5.800000E-01  1.564345E-01  8.392702E-14
5.800000E-01  1.253332E-01  6.258600E-14
5.800000E-01  9.410831E-02  2.029720E-14
5.800000E-01  6.279052E-02  1.238530E-14
5.800000E-01  3.141076E-02  6.219288E-15
5.800000E-01  -1.271035E-15  3.137537E-15
6.000000E-01  1.000000E+00  2.699365E-09
6.000000E-01  9.995066E-01  3.650684E-09
6.000000E-01  9.980267E-01  7.484832E-09
6.000000E-01  9.955620E-01  8.155197E-08
6.000000E-01  9.921147E-01  7.692756E-08
6.000000E-01  9.876883E-01  7.522028E-08
6.000000E-01  9.822873E-01  6.982361E-08
6.000000E-01  9.759168E-01  6.474529E-08
6.000000E-01  9.685832E-01  6.353290E-08
6.000000E-01  9.602937E-01  5.305782E-08
6.000000E-01  9.510565E-01  5.045443E-08
6.000000E-01  9.408808E-01  4.270107E-08
6.000000E-01  9.297765E-01  3.796562E-08
6.000000E-01  9.177546E-01  3.307526E-08
6.000000E-01  9.048271E-01  2.852711E-08
6.000000E-01  8.910065E-01  2.360657E-08
6.000000E-01  8.763067E-01  1.922316E-08
6.000000E-01  8.607420E-01  1.565778E-08
6.000000E-01  8.443279E-01  1.244774E-08
6.000000E-01  8.270806E-01  9.710783E-09
6.000000E-01  8.090170E-01  7.235788E-09
6.000000E-01  7.901550E-01  5.517477E-09
6.000000E-01  7.705132E-01  4.458358E-09
6.000000E-01  7.501111E-01  3.252700E-09
6.000000E-01  7.289686E-01  2.341901E-09
6.000000E-01  7.071068E-01  1.629327E-09
6.000000E-01  6.845471E-01  1.181043E-09
6.000000E-01  6.613119E-01  7.607373E-10
6.000000E-01  6.374240E-01  5.426149E-10
6.000000E-01  6.129071E-01  3.522611E-10
6.000000E-01  5.877853E-01  2.246369E-10
6.000000E-01  5.620834E-01  1.377107E-10
6.000000E-01  5.358268E-01  8.849143E-11
6.000000E-01  5.090414E-01  5.260468E-11
6.000000E-01  4.817537E-01  3.142364E-11
6.000000E-01  4.539905E-01  1.822093E-11
6.000000E-01  4.257793E-01  1.070909E-11
6.000000E-01  3.971479E-01  6.185413E-12
6.000000E-01  3.681246E-01  3.358523E-12
6.000000E-01  3.387379E-01  1.868777E-12
6.000000E-01  3.090170E-01  9.917341E-13
6.000000E-01  2.789911E-01  5.800283E-13
6.000000E-01  2.486899E-01  2.972413E-13
6.000000E-01  2.181432E-01  1.629619E-13
6.000000E-01  1.873813E-01  7.833155E-14
6.000000E-01  1.564345E-01  4.093313E-14
6.000000E-01  1.253332E-01  1.909820E-14
6.000000E-01  9.410831E-02  9.905867E-15
6.000000E-01  6.279052E-02  4.911643E-15
6.000000E-01  3.141076E-02  2.357560E-15
6.000000E-01  -1.271035E-15  1.176057E-15
6.200000E-01  1.000000E+00  1.098826E-08
6.200000E-01  9.995066E-01  2.022868E-08
6.200000E-01  9.980267E-01  3.192224E-08
6.200000E-01  9.955620E-01  8.485189E-08
6.200000E-01  9.921147E-01  2.603214E-07
6.200000E-01  9.876883E-01  6.528892E-07
6.200000E-01  9.822873E-01  1.451996E-06
6.200000E-01  9.759168E-01  2.897179E-06
6.200000E-01  9.685832E-01  5.735675E-08
6.200000E-01  9.602937E-01  4.849899E-08
6.200000E-01  9.510565E-01  4.519096E-08
6.200000E-01  9.408808E-01  3.966374E-08
6.200000E-01  9.297765E-01  3.557187E-08
6.200000E-01  9.177546E-01  2.927308E-08
6.200000E-01  9.048271E-01  2.692134E-08
6.200000E-01  8.910065E-01  2.261957E-08
6.200000E-01  8.763067E-01  