0.000000E+00  1.000000E+00  0.000000E+00
0.000000E+00  9.995066E-01  0.000000E+00
0.000000E+00  9.980267E-01  0.000000E+00
0.000000E+00  9.955620E-01  0.000000E+00
0.000000E+00  9.921147E-01  0.000000E+00
0.000000E+00  9.876883E-01  0.000000E+00
0.000000E+00  9.822873E-01  0.000000E+00
0.000000E+00  9.759168E-01  0.000000E+00
0.000000E+00  9.685832E-01  0.000000E+00
0.000000E+00  9.602937E-01  0.000000E+00
0.000000E+00  9.510565E-01  0.000000E+00
0.000000E+00  9.408808E-01  0.000000E+00
0.000000E+00  9.297765E-01  0.000000E+00
0.000000E+00  9.177546E-01  0.000000E+00
0.000000E+00  9.048271E-01  0.000000E+00
0.000000E+00  8.910065E-01  0.000000E+00
0.000000E+00  8.763067E-01  0.000000E+00
0.000000E+00  8.607420E-01  0.000000E+00
0.000000E+00  8.443279E-01  0.000000E+00
0.000000E+00  8.270806E-01  0.000000E+00
0.000000E+00  8.090170E-01  0.000000E+00
0.000000E+00  7.901550E-01  0.000000E+00
0.000000E+00  7.705132E-01  0.000000E+00
0.000000E+00  7.501111E-01  0.000000E+00
0.000000E+00  7.289686E-01  0.000000E+00
0.000000E+00  7.071068E-01  0.000000E+00
0.000000E+00  6.845471E-01  0.000000E+00
0.000000E+00  6.613119E-01  0.000000E+00
0.000000E+00  6.374240E-01  0.000000E+00
0.000000E+00  6.129071E-01  0.000000E+00
0.000000E+00  5.877853E-01  0.000000E+00
0.000000E+00  5.620834E-01  0.000000E+00
0.000000E+00  5.358268E-01  0.000000E+00
0.000000E+00  5.090414E-01  0.000000E+00
0.000000E+00  4.817537E-01  0.000000E+00
0.000000E+00  4.539905E-01  0.000000E+00
0.000000E+00  4.257793E-01  0.000000E+00
0.000000E+00  3.971479E-01  0.000000E+00
0.000000E+00  3.681246E-01  0.000000E+00
0.000000E+00  3.387379E-01  0.000000E+00
0.000000E+00  3.090170E-01  0.000000E+00
0.000000E+00  2.789911E-01  0.000000E+00
0.000000E+00  2.486899E-01  0.000000E+00
0.000000E+00  2.181432E-01  0.000000E+00
0.000000E+00  1.873813E-01  0.000000E+00
0.000000E+00  1.564345E-01  0.000000E+00
0.000000E+00  1.253332E-01  0.000000E+00
0.000000E+00  9.410831E-02  0.000000E+00
0.000000E+00  6.279052E-02  0.000000E+00
0.000000E+00  3.141076E-02  0.000000E+00
0.000000E+00  -1.271035E-15  0.000000E+00
2.000000E-02  1.000000E+00  4.020737E-14
2.000000E-02  9.995066E-01  4.019418E-14
2.000000E-02  9.980267E-01  4.016515E-14
2.000000E-02  9.955620E-01  4.011037E-14
2.000000E-02  9.921147E-01  4.003292E-14
2.000000E-02  9.876883E-01  3.997558E-14
2.000000E-02  9.822873E-01  3.989907E-14
2.000000E-02  9.759168E-01  3.978232E-14
2.000000E-02  9.685832E-01  3.964548E-14
2.000000E-02  9.602937E-01  3.949773E-14
2.000000E-02  9.510565E-01  3.933321E-14
2.000000E-02  9.408808E-01  3.915589E-14
2.000000E-02  9.297765E-01  3.896145E-14
2.000000E-02  9.177546E-01  3.874134E-14
2.000000E-02  9.048271E-01  3.855833E-14
2.000000E-02  8.910065E-01  3.829454E-14
2.000000E-02  8.763067E-01  3.803261E-14
2.000000E-02  8.607420E-01  3.777684E-14
2.000000E-02  8.443279E-01  3.750065E-14
2.000000E-02  8.270806E-01  3.720388E-14
2.000000E-02  8.090170E-01  3.692243E-14
2.000000E-02  7.901550E-01  3.661343E-14
2.000000E-02  7.705132E-01  3.621661E-14
2.000000E-02  7.501111E-01  3.595971E-14
2.000000E-02  7.289686E-01  3.561920E-14
2.000000E-02  7.071068E-01  3.527097E-14
2.000000E-02  6.845471E-01  3.491420E-14
2.000000E-02  6.613119E-01  3.456598E-14
2.000000E-02  6.374240E-01  3.419002E-14
2.000000E-02  6.129071E-01  3.380744E-14
2.000000E-02  5.877853E-01  3.342517E-14
2.000000E-02  5.620834E-01  3.303817E-14
2.000000E-02  5.358268E-01  3.264310E-14
2.000000E-02  5.090414E-01  3.225357E-14
2.000000E-02  4.817537E-01  3.185712E-14
2.000000E-02  4.539905E-01  3.145301E-14
2.000000E-02  4.257793E-01  3.105834E-14
2.000000E-02  3.971479E-01  3.064280E-14
2.000000E-02  3.681246E-01  3.024080E-14
2.000000E-02  3.387379E-01  2.982827E-14
2.000000E-02  3.090170E-01  2.942270E-14
2.000000E-02  2.789911E-01  2.900512E-14
2.000000E-02  2.486899E-01  2.862247E-14
2.000000E-02  2.181432E-01  2.822280E-14
2.000000E-02  1.873813E-01  2.780546E-14
2.000000E-02  1.564345E-01  2.742708E-14
2.000000E-02  1.253332E-01  2.703514E-14
2.000000E-02  9.410831E-02  2.664604E-14
2.000000E-02  6.279052E-02  2.626022E-14
2.000000E-02  3.141076E-02  2.586671E-14
2.000000E-02  -1.271035E-15  2.549152E-14
4.000000E-02  1.000000E+00  2.461751E-13
4.000000E-02  9.995066E-01  2.460775E-13
4.000000E-02  9.980267E-01  2.457653E-13
4.000000E-02  9.955620E-01  2.452667E-13
4.000000E-02  9.921147E-01  2.445141E-13
4.000000E-02  9.876883E-01  2.435885E-13
4.000000E-02  9.822873E-01  2.424686E-13
4.000000E-02  9.759168E-01  2.417331E-13
4.000000E-02  9.685832E-01  2.396830E-13
4.000000E-02  9.602937E-01  2.377438E-13
4.000000E-02  9.510565E-01  2.360879E-13
4.000000E-02  9.408808E-01  2.339956E-13
4.000000E-02  9.297765E-01  2.319158E-13
4.000000E-02  9.177546E-01  2.295302E-13
4.000000E-02  9.048271E-01  2.270159E-13
4.000000E-02  8.910065E-01  2.243931E-13
4.000000E-02  8.763067E-01  2.213677E-13
4.000000E-02  8.607420E-01  2.185254E-13
4.000000E-02  8.443279E-01  2.155995E-13
4.000000E-02  8.270806E-01  2.123471E-13
4.000000E-02  8.090170E-01  2.097086E-13
4.000000E-02  7.901550E-01  2.056949E-13
4.000000E-02  7.705132E-01  2.021982E-13
4.000000E-02  7.501111E-01  1.998766E-13
4.000000E-02  7.289686E-01  1.948728E-13
4.000000E-02  7.071068E-01  1.911754E-13
4.000000E-02  6.845471E-01  1.874807E-13
4.000000E-02  6.613119E-01  1.838139E-13
4.000000E-02  6.374240E-01  1.799612E-13
4.000000E-02  6.129071E-01  1.761045E-13
4.000000E-02  5.877853E-01  1.722253E-13
4.000000E-02  5.620834E-01  1.682702E-13
4.000000E-02  5.358268E-01  1.644294E-13
4.000000E-02  5.090414E-01  1.604998E-13
4.000000E-02  4.817537E-01  1.566276E-13
4.000000E-02  4.539905E-01  1.527629E-13
4.000000E-02  4.257793E-01  1.489234E-13
4.000000E-02  3.971479E-01  1.451264E-13
4.000000E-02  3.681246E-01  1.413990E-13
4.000000E-02  3.387379E-01  1.374947E-13
4.000000E-02  3.090170E-01  1.339644E-13
4.000000E-02  2.789911E-01  1.303511E-13
4.000000E-02  2.486899E-01  1.267584E-13
4.000000E-02  2.181432E-01  1.232411E-13
4.000000E-02  1.873813E-01  1.197913E-13
4.000000E-02  1.564345E-01  1.164130E-13
4.000000E-02  1.253332E-01  1.130173E-13
4.000000E-02  9.410831E-02  1.098281E-13
4.000000E-02  6.279052E-02  1.066694E-13
4.000000E-02  3.141076E-02  1.035322E-13
4.000000E-02  -1.271035E-15  1.006097E-13
6.000000E-02  1.000000E+00  8.332750E-13
6.000000E-02  9.995066E-01  8.328241E-13
6.000000E-02  9.980267E-01  8.312302E-13
6.000000E-02  9.955620E-01  8.287812E-13
6.000000E-02  9.921147E-01  8.252522E-13
6.000000E-02  9.876883E-01  8.207529E-13
6.000000E-02  9.822873E-01  8.153929E-13
6.000000E-02  9.759168E-01  8.090633E-13
6.000000E-02  9.685832E-01  8.019518E-13
6.000000E-02  9.602937E-01  7.938354E-13
6.000000E-02  9.510565E-01  7.836882E-13
6.000000E-02  9.408808E-01  7.750198E-13
6.000000E-02  9.297765E-01  7.643633E-13
6.000000E-02  9.177546E-01  7.533715E-13
6.000000E-02  9.048271E-01  7.412901E-13
6.000000E-02  8.910065E-01  7.287114E-13
6.000000E-02  8.763067E-01  7.170557E-13
6.000000E-02  8.607420E-01  7.016552E-13
6.000000E-02  8.443279E-01  6.873172E-13
6.000000E-02  8.270806E-01  6.726081E-13
6.000000E-02  8.090170E-01  6.574674E-13
6.000000E-02  7.901550E-01  6.419551E-13
6.000000E-02  7.705132E-01  6.261293E-13
6.000000E-02  7.501111E-01  6.090803E-13
6.000000E-02  7.289686E-01  5.939224E-13
6.000000E-02  7.071068E-01  5.774561E-13
6.000000E-02  6.845471E-01  5.609189E-13
6.000000E-02  6.613119E-01  5.442536E-13
6.000000E-02  6.374240E-01  5.276321E-13
6.000000E-02  6.129071E-01  5.109569E-13
6.000000E-02  5.877853E-01  4.941929E-13
6.000000E-02  5.620834E-01  4.781711E-13
6.000000E-02  5.358268E-01  4.618835E-13
6.000000E-02  5.090414E-01  4.457259E-13
6.000000E-02  4.817537E-01  4.298419E-13
6.000000E-02  4.539905E-01  4.140956E-13
6.000000E-02  4.257793E-01  3.986331E-13
6.000000E-02  3.971479E-01  3.836185E-13
6.000000E-02  3.681246E-01  3.688591E-13
6.000000E-02  3.387379E-01  3.537043E-13
6.000000E-02  3.090170E-01  3.402628E-13
6.000000E-02  2.789911E-01  3.261896E-13
6.000000E-02  2.486899E-01  3.131951E-13
6.000000E-02  2.181432E-01  3.002019E-13
6.000000E-02  1.873813E-01  2.875880E-13
6.000000E-02  1.564345E-01  2.754192E-13
6.000000E-02  1.253332E-01  2.634742E-13
6.000000E-02  9.410831E-02  2.522959E-13
6.000000E-02  6.279052E-02  2.413577E-13
6.000000E-02  3.141076E-02  2.308391E-13
6.000000E-02  -1.271035E-15  2.206894E-13
8.000000E-02  1.000000E+00  2.206202E-12
8.000000E-02  9.995066E-01  2.204503E-12
8.000000E-02  9.980267E-01  2.199299E-12
8.000000E-02  9.955620E-01  2.190962E-12
8.000000E-02  9.921147E-01  2.178797E-12
8.000000E-02  9.876883E-01  2.163514E-12
8.000000E-02  9.822873E-01  2.145153E-12
8.000000E-02  9.759168E-01  2.123024E-12
8.000000E-02  9.685832E-01  2.094814E-12
8.000000E-02  9.602937E-01  2.072294E-12
8.000000E-02  9.510565E-01  2.042389E-12
8.000000E-02  9.408808E-01  2.009492E-12
8.000000E-02  9.297765E-01  1.973514E-12
8.000000E-02  9.177546E-01  1.935998E-12
8.000000E-02  9.048271E-01  1.896359E-12
8.000000E-02  8.910065E-01  1.403118E-12
8.000000E-02  8.763067E-01  1.367889E-12
8.000000E-02  8.607420E-01  1.336670E-12
8.000000E-02  8.443279E-01  1.304297E-12
8.000000E-02  8.270806E-01  1.271020E-12
8.000000E-02  8.090170E-01  1.236608E-12
8.000000E-02  7.901550E-01  1.201226E-12
8.000000E-02  7.705132E-01  1.165076E-12
8.000000E-02  7.501111E-01  1.127867E-12
8.000000E-02  7.289686E-01  1.090805E-12
8.000000E-02  7.071068E-01  1.050908E-12
8.000000E-02  6.845471E-01  1.015041E-12
8.000000E-02  6.613119E-01  9.771013E-13
8.000000E-02  6.374240E-01  1.214849E-12
8.000000E-02  6.129071E-01  9.015561E-13
8.000000E-02  5.877853E-01  8.641356E-13
8.000000E-02  5.620834E-01  8.271164E-13
8.000000E-02  5.358268E-01  1.017512E-12
8.000000E-02  5.090414E-01  9.704178E-13
8.000000E-02  4.817537E-01  9.245466E-13
8.000000E-02  4.539905E-01  8.799404E-13
8.000000E-02  4.257793E-01  8.365451E-13
8.000000E-02  3.971479E-01  6.196266E-13
8.000000E-02  3.681246E-01  5.880290E-13
8.000000E-02  3.387379E-01  5.575556E-13
8.000000E-02  3.090170E-01  5.282901E-13
8.000000E-02  2.789911E-01  4.997528E-13
8.000000E-02  2.486899E-01  4.724060E-13
8.000000E-02  2.181432E-01  4.463868E-13
8.000000E-02  1.873813E-01  4.211747E-13
8.000000E-02  1.564345E-01  3.972307E-13
8.000000E-02  1.253332E-01  3.744277E-13
8.000000E-02  9.410831E-02  3.526479E-13
8.000000E-02  6.279052E-02  3.320480E-13
8.000000E-02  3.141076E-02  3.123279E-13
8.000000E-02  -1.271035E-15  2.937035E-13
1.000000E-01  1.000000E+00  5.111923E-12
1.000000E-01  9.995066E-01  5.114741E-12
1.000000E-01  9.980267E-01  5.093289E-12
1.000000E-01  9.955620E-01  5.065843E-12
1.000000E-01  9.921147E-01  5.032677E-12
1.000000E-01  9.876883E-01  4.987349E-12
1.000000E-01  9.822873E-01  4.940681E-12
1.000000E-01  9.759168E-01  3.626573E-12
1.000000E-01  9.685832E-01  3.589284E-12
1.000000E-01  9.602937E-01  3.545040E-12
1.000000E-01  9.510565E-01  3.494573E-12
1.000000E-01  9.408808E-01  3.439678E-12
1.000000E-01  9.297765E-01  3.376000E-12
1.000000E-01  9.177546E-01  4.354750E-12
1.000000E-01  9.048271E-01  4.245424E-12
1.000000E-01  8.910065E-01  4.131363E-12
1.000000E-01  8.763067E-01  4.020803E-12
1.000000E-01  8.607420E-01  3.887818E-12
1.000000E-01  8.443279E-01  3.761622E-12
1.000000E-01  8.270806E-01  3.632742E-12
1.000000E-01  8.090170E-01  3.501285E-12
1.000000E-01  7.901550E-01  3.368768E-12
1.000000E-01  7.705132E-01  3.233811E-12
1.000000E-01  7.501111E-01  3.092906E-12
1.000000E-01  7.289686E-01  2.964608E-12
1.000000E-01  7.071068E-01  2.832237E-12
1.000000E-01  6.845471E-01  2.700623E-12
1.000000E-01  6.613119E-01  2.570347E-12
1.000000E-01  6.374240E-01  2.353829E-12
1.000000E-01  6.129071E-01  2.316509E-12
1.000000E-01  5.877853E-01  2.193618E-12
1.000000E-01  5.620834E-01  2.074057E-12
1.000000E-01  5.358268E-01  1.958460E-12
1.000000E-01  5.090414E-01  1.845527E-12
1.000000E-01  4.817537E-01  1.735954E-12
1.000000E-01  4.539905E-01  1.630953E-12
1.000000E-01  4.257793E-01  1.530241E-12
1.000000E-01  3.971479E-01  1.433600E-12
1.000000E-01  3.681246E-01  1.341342E-12
1.000000E-01  3.387379E-01  1.253599E-12
1.000000E-01  3.090170E-01  1.169537E-12
1.000000E-01  2.789911E-01  1.091221E-12
1.000000E-01  2.486899E-01  1.014119E-12
1.000000E-01  2.181432E-01  9.455259E-13
1.000000E-01  1.873813E-01  8.790542E-13
1.000000E-01  1.564345E-01  8.163020E-13
1.000000E-01  1.253332E-01  7.574347E-13
1.000000E-01  9.410831E-02  6.791335E-13
1.000000E-01  6.279052E-02  6.289887E-13
1.000000E-01  3.141076E-02  5.822095E-13
1.000000E-01  -1.271035E-15  5.386674E-13
1.200000E-01  1.000000E+00  1.090741E-11
1.200000E-01  9.995066E-01  1.089996E-11
1.200000E-01  9.980267E-01  7.939510E-12
1.200000E-01  9.955620E-01  7.944456E-12
1.200000E-01  9.921147E-01  7.921774E-12
1.200000E-01  9.876883E-01  7.880679E-12
1.200000E-01  9.822873E-01  7.820319E-12
1.200000E-01  9.759168E-01  1.032627E-11
1.200000E-01  9.685832E-01  1.014925E-11
1.200000E-01  9.602937E-01  9.960748E-12
1.200000E-01  9.510565E-01  9.747701E-12
1.200000E-01  9.408808E-01  9.519154E-12
1.200000E-01  9.297765E-01  9.277268E-12
1.200000E-01  9.177546E-01  9.016088E-12
1.200000E-01  9.048271E-01  8.744035E-12
1.200000E-01  8.910065E-01  8.462255E-12
1.200000E-01  8.763067E-01  8.169982E-12
1.200000E-01  8.607420E-01  7.866418E-12
1.200000E-01  8.443279E-01  7.567332E-12
1.200000E-01  8.270806E-01  7.252914E-12
1.200000E-01  8.090170E-01  6.939882E-12
1.200000E-01  7.901550E-01  6.624737E-12
1.200000E-01  7.705132E-01  6.308459E-12
1.200000E-01  7.501111E-01  5.997826E-12
1.200000E-01  7.289686E-01  5.687274E-12
1.200000E-01  7.071068E-01  5.382027E-12
1.200000E-01  6.845471E-01  5.081859E-12
1.200000E-01  6.613119E-01  4.786653E-12
1.200000E-01  6.374240E-01  4.500201E-12
1.200000E-01  6.129071E-01  4.222540E-12
1.200000E-01  5.877853E-01  3.953546E-12
1.200000E-01  5.620834E-01  3.694525E-12
1.200000E-01  5.358268E-01  3.444339E-12
1.200000E-01  5.090414E-01  3.209151E-12
1.200000E-01  4.817537E-01  2.977186E-12
1.200000E-01  4.539905E-01  2.762696E-12
1.200000E-01  4.257793E-01  2.555772E-12
1.200000E-01  3.971479E-01  2.280358E-12
1.200000E-01  3.681246E-01  2.103208E-12
1.200000E-01  3.387379E-01  1.936102E-12
1.200000E-01  3.090170E-01  1.778532E-12
1.200000E-01  2.789911E-01  1.692865E-12
1.200000E-01  2.486899E-01  1.552604E-12
1.200000E-01  2.181432E-01  1.422009E-12
1.200000E-01  1.873813E-01  1.300972E-12
1.200000E-01  1.564345E-01  1.188209E-12
1.200000E-01  1.253332E-01  1.084388E-12
1.200000E-01  9.410831E-02  9.890848E-13
1.200000E-01  6.279052E-02  8.999537E-13
1.200000E-01  3.141076E-02  8.188569E-13
1.200000E-01  -1.271035E-15  7.445147E-13
1.400000E-01  1.000000E+00  1.596379E-11
1.400000E-01  9.995066E-01  1.606785E-11
1.400000E-01  9.980267E-01  1.611247E-11
1.400000E-01  9.955620E-01  1.610559E-11
1.400000E-01  9.921147E-01  2.151638E-11
1.400000E-01  9.876883E-01  2.132258E-11
1.400000E-01  9.822873E-01  2.102232E-11
1.400000E-01  9.759168E-01  2.065502E-11
1.400000E-01  9.685832E-01  2.024835E-11
1.400000E-01  9.602937E-01  1.979978E-11
1.400000E-01  9.510565E-01  1.930573E-11
1.400000E-01  9.408808E-01  1.878119E-11
1.400000E-01  9.297765E-01  1.821827E-11
1.400000E-01  9.177546E-01  1.761986E-11
1.400000E-01  9.048271E-01  1.700457E-11
1.400000E-01  8.910065E-01  1.635928E-11
1.400000E-01  8.763067E-01  1.569377E-11
1.400000E-01  8.607420E-01  1.501977E-11
1.400000E-01  8.443279E-01  1.433685E-11
1.400000E-01  8.270806E-01  1.364948E-11
1.400000E-01  8.090170E-01  1.295443E-11
1.400000E-01  7.901550E-01  1.226535E-11
1.400000E-01  7.705132E-01  1.160694E-11
1.400000E-01  7.501111E-01  1.091346E-11
1.400000E-01  7.289686E-01  1.025196E-11
1.400000E-01  7.071068E-01  9.605309E-12
1.400000E-01  6.845471E-01  8.977149E-12
1.400000E-01  6.613119E-01  8.368055E-12
1.400000E-01  6.374240E-01  7.782775E-12
1.400000E-01  6.129071E-01  7.217767E-12
1.400000E-01  5.877853E-01  6.681668E-12
1.400000E-01  5.620834E-01  5.937536E-12
1.400000E-01  5.358268E-01  5.473969E-12
1.400000E-01  5.090414E-01  5.026147E-12
1.400000E-01  4.817537E-01  4.780366E-12
1.400000E-01  4.539905E-01  4.367598E-12
1.400000E-01  4.257793E-01  3.989070E-12
1.400000E-01  3.971479E-01  3.632148E-12
1.400000E-01  3.681246E-01  3.300853E-12
1.400000E-01  3.387379E-01  2.993194E-12
1.400000E-01  3.090170E-01  2.709638E-12
1.400000E-01  2.789911E-01  2.447832E-12
1.400000E-01  2.486899E-01  2.207760E-12
1.400000E-01  2.181432E-01  1.987236E-12
1.400000E-01  1.873813E-01  1.786539E-12
1.400000E-01  1.564345E-01  1.604716E-12
1.400000E-01  1.253332E-01  1.438891E-12
1.400000E-01  9.410831E-02  1.263919E-12
1.400000E-01  6.279052E-02  1.152446E-12
1.400000E-01  3.141076E-02  1.029568E-12
1.400000E-01  -1.271035E-15  9.189918E-13
1.600000E-01  1.000000E+00  3.105484E-11
1.600000E-01  9.995066E-01  4.259296E-11
1.600000E-01  9.980267E-01  4.239524E-11
1.600000E-01  9.955620E-01  4.207186E-11
1.600000E-01  9.921147E-01  4.162685E-11
1.600000E-01  9.876883E-01  4.105760E-11
1.600000E-01  9.822873E-01  4.037365E-11
1.600000E-01  9.759168E-01  3.958044E-11
1.600000E-01  9.685832E-01  3.868072E-11
1.600000E-01  9.602937E-01  3.767957E-11
1.600000E-01  9.510565E-01  3.661332E-11
1.600000E-01  9.408808E-01  3.546444E-11
1.600000E-01  9.297765E-01  3.422687E-11
1.600000E-01  9.177546E-01  3.293155E-11
1.600000E-01  9.048271E-01  3.159641E-11
1.600000E-01  8.910065E-01  3.019944E-11
1.600000E-01  8.763067E-01  2.880988E-11
1.600000E-01  8.607420E-01  2.740508E-11
1.600000E-01  8.443279E-01  2.594057E-11
1.600000E-01  8.270806E-01  2.450381E-11
1.600000E-01  8.090170E-01  2.307099E-11
1.600000E-01  7.901550E-01  2.168377E-11
1.600000E-01  7.705132E-01  2.027754E-11
1.600000E-01  7.501111E-01  1.892183E-11
1.600000E-01  7.289686E-01  1.759631E-11
1.600000E-01  7.071068E-01  1.631770E-11
1.600000E-01  6.845471E-01  1.508779E-11
1.600000E-01  6.613119E-01  1.342228E-11
1.600000E-01  6.374240E-01  1.232760E-11
1.600000E-01  6.129071E-01  1.171737E-11
1.600000E-01  5.877853E-01  1.070600E-11
1.600000E-01  5.620834E-01  9.754381E-12
1.600000E-01  5.358268E-01  8.864620E-12
1.600000E-01  5.090414E-01  8.033405E-12
1.600000E-01  4.817537E-01  7.248728E-12
1.600000E-01  4.539905E-01  6.538231E-12
1.600000E-01  4.257793E-01  5.877374E-12
1.600000E-01  3.971479E-01  5.272894E-12
1.600000E-01  3.681246E-01  4.719542E-12
1.600000E-01  3.387379E-01  4.211668E-12
1.600000E-01  3.090170E-01  3.749769E-12
1.600000E-01  2.789911E-01  3.331480E-12
1.600000E-01  2.486899E-01  2.954142E-12
1.600000E-01  2.181432E-01  2.613289E-12
1.600000E-01  1.873813E-01  2.308607E-12
1.600000E-01  1.564345E-01  2.034130E-12
1.600000E-01  1.253332E-01  1.791726E-12
1.600000E-01  9.410831E-02  1.573487E-12
1.600000E-01  6.279052E-02  1.382860E-12
1.600000E-01  3.141076E-02  1.211345E-12
1.600000E-01  -1.271035E-15  1.061333E-12
1.800000E-01  1.000000E+00  7.970525E-11
1.800000E-01  9.995066E-01  7.951330E-11
1.800000E-01  9.980267E-01  7.899442E-11
1.800000E-01  9.955620E-01  7.834336E-11
1.800000E-01  9.921147E-01  7.479482E-11
1.800000E-01  9.876883E-01  7.625249E-11
1.800000E-01  9.822873E-01  7.480212E-11
1.800000E-01  9.759168E-01  7.313112E-11
1.800000E-01  9.685832E-01  7.109688E-11
1.800000E-01  9.602937E-01  6.915936E-11
1.800000E-01  9.510565E-01  6.689370E-11
1.800000E-01  9.408808E-01  6.445257E-11
1.800000E-01  9.297765E-01  6.190894E-11
1.800000E-01  9.177546E-01  5.925328E-11
1.800000E-01  9.048271E-01  5.649149E-11
1.800000E-01  8.910065E-01  5.371375E-11
1.800000E-01  8.763067E-01  5.071124E-11
1.800000E-01  8.607420E-01  4.798861E-11
1.800000E-01  8.443279E-01  4.506304E-11
1.800000E-01  8.270806E-01  4.227079E-11
1.800000E-01  8.090170E-01  3.944979E-11
1.800000E-01  7.901550E-01  3.665821E-11
1.800000E-01  7.705132E-01  3.403158E-11
1.800000E-01  7.501111E-01  3.144632E-11
1.800000E-01  7.289686E-01  2.793180E-11
1.800000E-01  7.071068E-01  2.560903E-11
1.800000E-01  6.845471E-01  2.425642E-11
1.800000E-01  6.613119E-01  2.212257E-11
1.800000E-01  6.374240E-01  2.008956E-11
1.800000E-01  6.129071E-01  1.818036E-11
1.800000E-01  5.877853E-01  1.639778E-11
1.800000E-01  5.620834E-01  1.473901E-11
1.800000E-01  5.358268E-01  1.321395E-11
1.800000E-01  5.090414E-01  1.180152E-11
1.800000E-01  4.817537E-01  1.050823E-11
1.800000E-01  4.539905E-01  9.315576E-12
1.800000E-01  4.257793E-01  8.252656E-12
1.800000E-01  3.971479E-01  7.287211E-12
1.800000E-01  3.681246E-01  6.413123E-12
1.800000E-01  3.387379E-01  5.627821E-12
1.800000E-01  3.090170E-01  4.926116E-12
1.800000E-01  2.789911E-01  4.302245E-12
1.800000E-01  2.486899E-01  3.746500E-12
1.800000E-01  2.181432E-01  3.256274E-12
1.800000E-01  1.873813E-01  2.823446E-12
1.800000E-01  1.564345E-01  2.443006E-12
1.800000E-01  1.253332E-01  2.110202E-12
1.800000E-01  9.410831E-02  1.819000E-12
1.800000E-01  6.279052E-02  1.565838E-12
1.800000E-01  3.141076E-02  1.345802E-12
1.800000E-01  -1.271035E-15  1.155130E-12
2.000000E-01  1.000000E+00  1.437834E-10
2.000000E-01  9.995066E-01  1.434762E-10
2.000000E-01  9.980267E-01  1.426071E-10
2.000000E-01  9.955620E-01  1.412283E-10
2.000000E-01  9.921147E-01  1.392618E-10
2.000000E-01  9.876883E-01  1.368116E-10
2.000000E-01  9.822873E-01  1.339639E-10
2.000000E-01  9.759168E-01  1.305111E-10
2.000000E-01  9.685832E-01  1.266942E-10
2.000000E-01  9.602937E-01  1.218519E-10
2.000000E-01  9.510565E-01  1.179458E-10
2.000000E-01  9.408808E-01  1.130689E-10
2.000000E-01  9.297765E-01  1.080081E-10
2.000000E-01  9.177546E-01  1.028434E-10
2.000000E-01  9.048271E-01  9.743048E-11
2.000000E-01  8.910065E-01  9.199831E-11
2.000000E-01  8.763067E-01  8.644609E-11
2.000000E-01  8.607420E-01  8.103032E-11
2.000000E-01  8.443279E-01  7.562246E-11
2.000000E-01  8.270806E-01  7.023285E-11
2.000000E-01  8.090170E-01  6.502207E-11
2.000000E-01  7.901550E-01  5.780601E-11
2.000000E-01  7.705132E-01  5.302297E-11
2.000000E-01  7.501111E-01  5.024931E-11
2.000000E-01  7.289686E-01  4.578351E-11
2.000000E-01  7.071068E-01  4.154019E-11
2.000000E-01  6.845471E-01  3.755742E-11
2.000000E-01  6.613119E-01  3.378575E-11
2.000000E-01  6.374240E-01  3.030253E-11
2.000000E-01  6.129071E-01  2.704086E-11
2.000000E-01  5.877853E-01  2.408572E-11
2.000000E-01  5.620834E-01  2.135006E-11
2.000000E-01  5.358268E-01  1.886279E-11
2.000000E-01  5.090414E-01  1.659928E-11
2.000000E-01  4.817537E-01  1.455825E-11
2.000000E-01  4.539905E-01  1.272147E-11
2.000000E-01  4.257793E-01  1.108140E-11
2.000000E-01  3.971479E-01  9.619255E-12
2.000000E-01  3.681246E-01  8.321383E-12
2.000000E-01  3.387379E-01  7.177459E-12
2.000000E-01  3.090170E-01  6.172383E-12
2.000000E-01  2.789911E-01  5.292643E-12
2.000000E-01  2.486899E-01  4.525553E-12
2.000000E-01  2.181432E-01  3.860094E-12
2.000000E-01  1.873813E-01  3.282864E-12
2.000000E-01  1.564345E-01  2.786561E-12
2.000000E-01  1.253332E-01  2.359271E-12
2.000000E-01  9.410831E-02  1.993972E-12
2.000000E-01  6.279052E-02  1.681686E-12
2.000000E-01  3.141076E-02  1.415712E-12
2.000000E-01  -1.271035E-15  1.190307E-12
2.200000E-01  1.000000E+00  2.505962E-10
2.200000E-01  9.995066E-01  2.500573E-10
2.200000E-01  9.980267E-01  2.484004E-10
2.200000E-01  9.955620E-01  2.456802E-10
2.200000E-01  9.921147E-01  2.438538E-10
2.200000E-01  9.876883E-01  2.371788E-10
2.200000E-01  9.822873E-01  2.314566E-10
2.200000E-01  9.759168E-01  2.249663E-10
2.200000E-01  9.685832E-01  2.174546E-10
2.200000E-01  9.602937E-01  2.083580E-10
2.200000E-01  9.510565E-01  2.009037E-10
2.200000E-01  9.408808E-01  1.917072E-10
2.200000E-01  9.297765E-01  1.821762E-10
2.200000E-01  9.177546E-01  1.722079E-10
2.200000E-01  9.048271E-01  1.622571E-10
2.200000E-01  8.910065E-01  1.520752E-10
2.200000E-01  8.763067E-01  1.420499E-10
2.200000E-01  8.607420E-01  1.319505E-10
2.200000E-01  8.443279E-01  1.220984E-10
2.200000E-01  8.270806E-01  1.124924E-10
2.200000E-01  8.090170E-01  9.940999E-11
2.200000E-01  7.901550E-01  9.405786E-11
2.200000E-01  7.705132E-01  8.551202E-11
2.200000E-01  7.501111E-01  7.734829E-11
2.200000E-01  7.289686E-01  6.971807E-11
2.200000E-01  7.071068E-01  6.255383E-11
2.200000E-01  6.845471E-01  5.585428E-11
2.200000E-01  6.613119E-01  4.965480E-11
2.200000E-01  6.374240E-01  4.395121E-11
2.200000E-01  6.129071E-01  3.874326E-11
2.200000E-01  5.877853E-01  3.399946E-11
2.200000E-01  5.620834E-01  2.970329E-11
2.200000E-01  5.358268E-01  2.585084E-11
2.200000E-01  5.090414E-01  2.240961E-11
2.200000E-01  4.817537E-01  1.934624E-11
2.200000E-01  4.539905E-01  1.663304E-11
2.200000E-01  4.257793E-01  1.424872E-11
2.200000E-01  3.971479E-01  1.215997E-11
2.200000E-01  3.681246E-01  1.033625E-11
2.200000E-01  3.387379E-01  8.756601E-12
2.200000E-01  3.090170E-01  7.392827E-12
2.200000E-01  2.789911E-01  6.221281E-12
2.200000E-01  2.486899E-01  5.218982E-12
2.200000E-01  2.181432E-01  4.363712E-12
2.200000E-01  1.873813E-01  3.639403E-12
2.200000E-01  1.564345E-01  3.027307E-12
2.200000E-01  1.253332E-01  2.511596E-12
2.200000E-01  9.410831E-02  2.078809E-12
2.200000E-01  6.279052E-02  1.716642E-12
2.200000E-01  3.141076E-02  1.414441E-12
2.200000E-01  -1.271035E-15  1.163985E-12
2.400000E-01  1.000000E+00  4.219583E-10
2.400000E-01  9.995066E-01  4.205323E-10
2.400000E-01  9.980267E-01  4.178590E-10
2.400000E-01  9.955620E-01  4.129402E-10
2.400000E-01  9.921147E-01  4.058001E-10
2.400000E-01  9.876883E-01  3.969787E-10
2.400000E-01  9.822873E-01  3.864783E-10
2.400000E-01  9.759168E-01  3.741882E-10
2.400000E-01  9.685832E-01  3.607718E-10
2.400000E-01  9.602937E-01  3.460420E-10
2.400000E-01  9.510565E-01  3.303028E-10
2.400000E-01  9.408808E-01  3.135709E-10
2.400000E-01  9.297765E-01  2.963153E-10
2.400000E-01  9.177546E-01  2.783180E-10
2.400000E-01  9.048271E-01  2.608499E-10
2.400000E-01  8.910065E-01  2.429850E-10
2.400000E-01  8.763067E-01  2.251494E-10
2.400000E-01  8.607420E-01  2.075273E-10
2.400000E-01  8.443279E-01  1.838319E-10
2.400000E-01  8.270806E-01  1.739215E-10
2.400000E-01  8.090170E-01  1.579046E-10
2.400000E-01  7.901550E-01  1.427028E-10
2.400000E-01  7.705132E-01  1.282525E-10
2.400000E-01  7.501111E-01  1.149078E-10
2.400000E-01  7.289686E-01  1.023510E-10
2.400000E-01  7.071068E-01  9.069159E-11
2.400000E-01  6.845471E-01  8.004061E-11
2.400000E-01  6.613119E-01  7.023364E-11
2.400000E-01  6.374240E-01  6.133449E-11
2.400000E-01  6.129071E-01  5.333785E-11
2.400000E-01  5.877853E-01  4.615278E-11
2.400000E-01  5.620834E-01  3.975774E-11
2.400000E-01  5.358268E-01  3.401553E-11
2.400000E-01  5.090414E-01  2.898774E-11
2.400000E-01  4.817537E-01  2.469846E-11
2.400000E-01  4.539905E-01  2.088101E-11
2.400000E-01  4.257793E-01  1.758206E-11
2.400000E-01  3.971479E-01  1.473865E-11
2.400000E-01  3.681246E-01  1.231123E-11
2.400000E-01  3.387379E-01  1.023580E-11
2.400000E-01  3.090170E-01  8.479437E-12
2.400000E-01  2.789911E-01  6.997375E-12
2.400000E-01  2.486899E-01  5.757894E-12
2.400000E-01  2.181432E-01  4.717477E-12
2.400000E-01  1.873813E-01  3.854029E-12
2.400000E-01  1.564345E-01  3.139965E-12
2.400000E-01  1.253332E-01  2.550202E-12
2.400000E-01  9.410831E-02  2.066220E-12
2.400000E-01  6.279052E-02  1.669062E-12
2.400000E-01  3.141076E-02  1.345513E-12
2.400000E-01  -1.271035E-15  1.082461E-12
2.600000E-01  1.000000E+00  6.852404E-10
2.600000E-01  9.995066E-01  6.829393E-10
2.600000E-01  9.980267E-01  6.780217E-10
2.600000E-01  9.955620E-01  6.690383E-10
2.600000E-01  9.921147E-01  6.567099E-10
2.600000E-01  9.876883E-01  6.410648E-10
2.600000E-01  9.822873E-01  6.221115E-10
2.600000E-01  9.759168E-01  6.008651E-10
2.600000E-01  9.685832E-01  5.778458E-10
2.600000E-01  9.602937E-01  5.515753E-10
2.600000E-01  9.510565E-01  5.240580E-10
2.600000E-01  9.408808E-01  4.948704E-10
2.600000E-01  9.297765E-01  4.654671E-10
2.600000E-01  9.177546E-01  4.349998E-10
2.600000E-01  9.048271E-01  4.047175E-10
2.600000E-01  8.910065E-01  3.742233E-10
2.600000E-01  8.763067E-01  3.443578E-10
2.600000E-01  8.607420E-01  3.041935E-10
2.600000E-01  8.443279E-01  2.865165E-10
2.600000E-01  8.270806E-01  2.594296E-10
2.600000E-01  8.090170E-01  2.334225E-10
2.600000E-01  7.901550E-01  2.088967E-10
2.600000E-01  7.705132E-01  1.859120E-10
2.600000E-01  7.501111E-01  1.645689E-10
2.600000E-01  7.289686E-01  1.449730E-10
2.600000E-01  7.071068E-01  1.269665E-10
2.600000E-01  6.845471E-01  1.106072E-10
2.600000E-01  6.613119E-01  9.581177E-11
2.600000E-01  6.374240E-01  8.257945E-11
2.600000E-01  6.129071E-01  7.082208E-11
2.600000E-01  5.877853E-01  6.037773E-11
2.600000E-01  5.620834E-01  5.121134E-11
2.600000E-01  5.358268E-01  4.321293E-11
2.600000E-01  5.090414E-01  3.628595E-11
2.600000E-01  4.817537E-01  3.030908E-11
2.600000E-01  4.539905E-01  2.520015E-11
2.600000E-01  4.257793E-01  2.084737E-11
2.600000E-01  3.971479E-01  1.716123E-11
2.600000E-01  3.681246E-01  1.406633E-11
2.600000E-01  3.387379E-01  1.148215E-11
2.600000E-01  3.090170E-01  9.324077E-12
2.600000E-01  2.789911E-01  7.546028E-12
2.600000E-01  2.486899E-01  6.079504E-12
2.600000E-01  2.181432E-01  4.880710E-12
2.600000E-01  1.873813E-01  3.903861E-12
2.600000E-01  1.564345E-01  3.111410E-12
2.600000E-01  1.253332E-01  2.473236E-12
2.600000E-01  9.410831E-02  1.958831E-12
2.600000E-01  6.279052E-02  1.539453E-12
2.600000E-01  3.141076E-02  1.219369E-12
2.600000E-01  -1.271035E-15  9.588154E-13
2.800000E-01  1.000000E+00  1.073356E-09
2.800000E-01  9.995066E-01  1.068721E-09
2.800000E-01  9.980267E-01  1.060948E-09
2.800000E-01  9.955620E-01  1.045959E-09
2.800000E-01  9.921147E-01  1.024969E-09
2.800000E-01  9.876883E-01  9.987774E-10
2.800000E-01  9.822873E-01  9.667815E-10
2.800000E-01  9.759168E-01  9.311416E-10
2.800000E-01  9.685832E-01  8.913682E-10
2.800000E-01  9.602937E-01  8.482234E-10
2.800000E-01  9.510565E-01  8.023432E-10
2.800000E-01  9.408808E-01  7.547924E-10
2.800000E-01  9.297765E-01  7.057058E-10
2.800000E-01  9.177546E-01  6.541070E-10
2.800000E-01  9.048271E-01  6.059587E-10
2.800000E-01  8.910065E-01  5.565347E-10
2.800000E-01  8.763067E-01  5.071797E-10
2.800000E-01  8.607420E-01  4.614740E-10
2.800000E-01  8.443279E-01  4.162793E-10
2.800000E-01  8.270806E-01  3.734648E-10
2.800000E-01  8.090170E-01  3.329204E-10
2.800000E-01  7.901550E-01  2.951721E-10
2.800000E-01  7.705132E-01  2.600166E-10
2.800000E-01  7.501111E-01  2.275780E-10
2.800000E-01  7.289686E-01  1.981251E-10
2.800000E-01  7.071068E-01  1.714247E-10
2.800000E-01  6.845471E-01  1.473807E-10
2.800000E-01  6.613119E-01  1.260590E-10
2.800000E-01  6.374240E-01  1.071734E-10
2.800000E-01  6.129071E-01  9.054310E-11
2.800000E-01  5.877853E-01  7.616054E-11
2.800000E-01  5.620834E-01  6.359801E-11
2.800000E-01  5.358268E-01  5.280268E-11
2.800000E-01  5.090414E-01  4.360004E-11
2.800000E-01  4.817537E-01  3.573847E-11
2.800000E-01  4.539905E-01  2.927120E-11
2.800000E-01  4.257793E-01  2.376576E-11
2.800000E-01  3.971479E-01  1.921000E-11
2.800000E-01  3.681246E-01  1.538317E-11
2.800000E-01  3.387379E-01  1.236082E-11
2.800000E-01  3.090170E-01  9.839313E-12
2.800000E-01  2.789911E-01  7.795548E-12
2.800000E-01  2.486899E-01  6.152317E-12
2.800000E-01  2.181432E-01  4.828982E-12
2.800000E-01  1.873813E-01  3.783756E-12
2.800000E-01  1.564345E-01  2.949865E-12
2.800000E-01  1.253332E-01  2.291891E-12
2.800000E-01  9.410831E-02  1.774241E-12
2.800000E-01  6.279052E-02  1.369733E-12
2.800000E-01  3.141076E-02  1.054743E-12
2.800000E-01  -1.271035E-15  8.096864E-13
3.000000E-01  1.000000E+00  1.619833E-09
3.000000E-01  9.995066E-01  1.617034E-09
3.000000E-01  9.980267E-01  1.602242E-09
3.000000E-01  9.955620E-01  1.577918E-09
3.000000E-01  9.921147E-01  1.544693E-09
3.000000E-01  9.876883E-01  1.501064E-09
3.000000E-01  9.822873E-01  1.450178E-09
3.000000E-01  9.759168E-01  1.392711E-09
3.000000E-01  9.685832E-01  1.328443E-09
3.000000E-01  9.602937E-01  1.260474E-09
3.000000E-01  9.510565E-01  1.186463E-09
3.000000E-01  9.408808E-01  1.110568E-09
3.000000E-01  9.297765E-01  1.032563E-09
3.000000E-01  9.177546E-01  9.544365E-10
3.000000E-01  9.048271E-01  8.765988E-10
3.000000E-01  8.910065E-01  7.995184E-10
3.000000E-01  8.763067E-01  7.230659E-10
3.000000E-01  8.607420E-01  6.434526E-10
3.000000E-01  8.443279E-01  5.837356E-10
3.000000E-01  8.270806E-01  5.195272E-10
3.000000E-01  8.090170E-01  4.588667E-10
3.000000E-01  7.901550E-01  4.026052E-10
3.000000E-01  7.705132E-01  3.508871E-10
3.000000E-01  7.501111E-01  3.039493E-10
3.000000E-01  7.289686E-01  2.615198E-10
3.000000E-01  7.071068E-01  2.235570E-10
3.000000E-01  6.845471E-01  1.898607E-10
3.000000E-01  6.613119E-01  1.601596E-10
3.000000E-01  6.374240E-01  1.342411E-10
3.000000E-01  6.129071E-01  1.118133E-10
3.000000E-01  5.877853E-01  9.251969E-11
3.000000E-01  5.620834E-01  7.604782E-11
3.000000E-01  5.358268E-01  6.173642E-11
3.000000E-01  5.090414E-01  5.046111E-11
3.000000E-01  4.817537E-01  4.072143E-11
3.000000E-01  4.539905E-01  3.266325E-11
3.000000E-01  4.257793E-01  2.605628E-11
3.000000E-01  3.971479E-01  2.066810E-11
3.000000E-01  3.681246E-01  1.630056E-11
3.000000E-01  3.387379E-01  1.278092E-11
3.000000E-01  3.090170E-01  9.968636E-12
3.000000E-01  2.789911E-01  7.735798E-12
3.000000E-01  2.486899E-01  5.963346E-12
3.000000E-01  2.181432E-01  4.592435E-12
3.000000E-01  1.873813E-01  3.513936E-12
3.000000E-01  1.564345E-01  2.678440E-12
3.000000E-01  1.253332E-01  2.033489E-12
3.000000E-01  9.410831E-02  1.537432E-12
3.000000E-01  6.279052E-02  1.157758E-12
3.000000E-01  3.141076E-02  8.703455E-13
3.000000E-01  -1.271035E-15  6.520447E-13
3.200000E-01  1.000000E+00  2.368584E-09
3.200000E-01  9.995066E-01  2.361322E-09
3.200000E-01  9.980267E-01  2.338855E-09
3.200000E-01  9.955620E-01  2.300418E-09
3.200000E-01  9.921147E-01  2.246843E-09
3.200000E-01  9.876883E-01  2.179931E-09
3.200000E-01  9.822873E-01  2.101093E-09
3.200000E-01  9.759168E-01  2.011837E-09
3.200000E-01  9.685832E-01  1.913459E-09
3.200000E-01  9.602937E-01  1.806853E-09
3.200000E-01  9.510565E-01  1.694948E-09
3.200000E-01  9.408808E-01  1.580583E-09
3.200000E-01  9.297765E-01  1.460943E-09
3.200000E-01  9.177546E-01  1.342627E-09
3.200000E-01  9.048271E-01  1.184265E-09
3.200000E-01  8.910065E-01  1.107877E-09
3.200000E-01  8.763067E-01  9.957117E-10
3.200000E-01  8.607420E-01  8.907097E-10
3.200000E-01  8.443279E-01  7.911540E-10
3.200000E-01  8.270806E-01  6.968885E-10
3.200000E-01  8.090170E-01  6.112798E-10
3.200000E-01  7.901550E-01  5.310711E-10
3.200000E-01  7.705132E-01  4.580969E-10
3.200000E-01  7.501111E-01  3.923629E-10
3.200000E-01  7.289686E-01  3.336354E-10
3.200000E-01  7.071068E-01  2.817141E-10
3.200000E-01  6.845471E-01  2.360088E-10
3.200000E-01  6.613119E-01  1.965108E-10
3.200000E-01  6.374240E-01  1.623777E-10
3.200000E-01  6.129071E-01  1.331843E-10
3.200000E-01  5.877853E-01  1.085740E-10
3.200000E-01  5.620834E-01  8.783987E-11
3.200000E-01  5.358268E-01  7.061362E-11
3.200000E-01  5.090414E-01  5.635005E-11
3.200000E-01  4.817537E-01  4.467136E-11
3.200000E-01  4.539905E-01  3.506364E-11
3.200000E-01  4.257793E-01  2.707246E-11
3.200000E-01  3.971479E-01  2.137754E-11
3.200000E-01  3.681246E-01  1.652032E-11
3.200000E-01  3.387379E-01  1.266644E-11
3.200000E-01  3.090170E-01  9.667369E-12
3.200000E-01  2.789911E-01  7.339793E-12
3.200000E-01  2.486899E-01  5.543323E-12
3.200000E-01  2.181432E-01  4.165385E-12
3.200000E-01  1.873813E-01  3.114285E-12
3.200000E-01  1.564345E-01  2.317591E-12
3.200000E-01  1.253332E-01  1.717714E-12
3.200000E-01  9.410831E-02  1.269685E-12
3.200000E-01  6.279052E-02  9.399201E-13
3.200000E-01  3.141076E-02  6.845145E-13
3.200000E-01  -1.271035E-15  4.999737E-13
3.400000E-01  1.000000E+00  3.346346E-09
3.400000E-01  9.995066E-01  3.326179E-09
3.400000E-01  9.980267E-01  3.299710E-09
3.400000E-01  9.955620E-01  3.242158E-09
3.400000E-01  9.921147E-01  3.162956E-09
3.400000E-01  9.876883E-01  3.062128E-09
3.400000E-01  9.822873E-01  2.945349E-09
3.400000E-01  9.759168E-01  2.809432E-09
3.400000E-01  9.685832E-01  2.665554E-09
3.400000E-01  9.602937E-01  2.508248E-09
3.400000E-01  9.510565E-01  2.343239E-09
3.400000E-01  9.408808E-01  2.173187E-09
3.400000E-01  9.297765E-01  2.000520E-09
3.400000E-01  9.177546E-01  1.827697E-09
3.400000E-01  9.048271E-01  1.658277E-09
3.400000E-01  8.910065E-01  1.492712E-09
3.400000E-01  8.763067E-01  1.332504E-09
3.400000E-01  8.607420E-01  1.179588E-09
3.400000E-01  8.443279E-01  1.036053E-09
3.400000E-01  8.270806E-01  9.060943E-10
3.400000E-01  8.090170E-01  7.846274E-10
3.400000E-01  7.901550E-01  6.777573E-10
3.400000E-01  7.705132E-01  5.807145E-10
3.400000E-01  7.501111E-01  4.898267E-10
3.400000E-01  7.289686E-01  4.115663E-10
3.400000E-01  7.071068E-01  3.432156E-10
3.400000E-01  6.845471E-01  2.840134E-10
3.400000E-01  6.613119E-01  2.331228E-10
3.400000E-01  6.374240E-01  1.892690E-10
3.400000E-01  6.129071E-01  1.529636E-10
3.400000E-01  5.877853E-01  1.227013E-10
3.400000E-01  5.620834E-01  9.765626E-11
3.400000E-01  5.358268E-01  7.718486E-11
3.400000E-01  5.090414E-01  6.051320E-11
3.400000E-01  4.817537E-01  4.709579E-11
3.400000E-01  4.539905E-01  3.639157E-11
3.400000E-01  4.257793E-01  2.792782E-11
3.400000E-01  3.971479E-01  2.137850E-11
3.400000E-01  3.681246E-01  1.610989E-11
3.400000E-01  3.387379E-01  1.211097E-11
3.400000E-01  3.090170E-01  9.048194E-12
3.400000E-01  2.789911E-01  6.717502E-12
3.400000E-01  2.486899E-01  4.958516E-12
3.400000E-01  2.181432E-01  3.639871E-12
3.400000E-01  1.873813E-01  2.656803E-12
3.400000E-01  1.564345E-01  1.929936E-12
3.400000E-01  1.253332E-01  1.394791E-12
3.400000E-01  9.410831E-02  1.004326E-12
3.400000E-01  6.279052E-02  7.206173E-13
3.400000E-01  3.141076E-02  5.134744E-13
3.400000E-01  -1.271035E-15  3.655096E-13
3.600000E-01  1.000000E+00  4.577637E-09
3.600000E-01  9.995066E-01  4.560793E-09
3.600000E-01  9.980267E-01  4.511226E-09
3.600000E-01  9.955620E-01  4.428076E-09
3.600000E-01  9.921147E-01  4.312246E-09
3.600000E-01  9.876883E-01  4.168605E-09
3.600000E-01  9.822873E-01  3.999561E-09
3.600000E-01  9.759168E-01  3.809900E-09
3.600000E-01  9.685832E-01  3.598861E-09
3.600000E-01  9.602937E-01  3.377098E-09
3.600000E-01  9.510565E-01  3.140482E-09
3.600000E-01  9.408808E-01  2.897872E-09
3.600000E-01  9.297765E-01  2.655143E-09
3.600000E-01  9.177546E-01  2.412291E-09
3.600000E-01  9.048271E-01  2.174981E-09
3.600000E-01  8.910065E-01  1.945784E-09
3.600000E-01  8.763067E-01  1.726231E-09
3.600000E-01  8.607420E-01  1.518986E-09
3.600000E-01  8.443279E-01  1.323874E-09
3.600000E-01  8.270806E-01  1.144093E-09
3.600000E-01  8.090170E-01  9.808743E-10
3.600000E-01  7.901550E-01  8.355244E-10
3.600000E-01  7.705132E-01  7.064555E-10
3.600000E-01  7.501111E-01  5.902722E-10
3.600000E-01  7.289686E-01  4.903637E-10
3.600000E-01  7.071068E-01  4.038077E-10
3.600000E-01  6.845471E-01  3.296762E-10
3.600000E-01  6.613119E-01  2.668821E-10
3.600000E-01  6.374240E-01  2.142182E-10
3.600000E-01  6.129071E-01  1.707697E-10
3.600000E-01  5.877853E-01  1.345789E-10
3.600000E-01  5.620834E-01  1.053622E-10
3.600000E-01  5.358268E-01  8.178787E-11
3.600000E-01  5.090414E-01  6.303082E-11
3.600000E-01  4.817537E-01  4.815103E-11
3.600000E-01  4.539905E-01  3.645797E-11
3.600000E-01  4.257793E-01  2.741081E-11
3.600000E-01  3.971479E-01  2.046617E-11
3.600000E-01  3.681246E-01  1.517299E-11
3.600000E-01  3.387379E-01  1.115165E-11
3.600000E-01  3.090170E-01  8.145584E-12
3.600000E-01  2.789911E-01  5.903569E-12
3.600000E-01  2.486899E-01  4.254648E-12
3.600000E-01  2.181432E-01  3.049502E-12
3.600000E-01  1.873813E-01  2.172549E-12
3.600000E-01  1.564345E-01  1.538839E-12
3.600000E-01  1.253332E-01  1.085813E-12
3.600000E-01  9.410831E-02  7.602438E-13
3.600000E-01  6.279052E-02  5.318692E-13
3.600000E-01  3.141076E-02  3.688863E-13
3.600000E-01  -1.271035E-15  2.555680E-13
3.800000E-01  1.000000E+00  6.081133E-09
3.800000E-01  9.995066E-01  6.057798E-09
3.800000E-01  9.980267E-01  5.984760E-09
3.800000E-01  9.955620E-01  5.871055E-09
3.800000E-01  9.921147E-01  5.709146E-09
3.800000E-01  9.876883E-01  5.509532E-09
3.800000E-01  9.822873E-01  5.274245E-09
3.800000E-01  9.759168E-01  5.008154E-09
3.800000E-01  9.685832E-01  4.718796E-09
3.800000E-01  9.602937E-01  4.409310E-09
3.800000E-01  9.510565E-01  4.085674E-09
3.800000E-01  9.408808E-01  3.754214E-09
3.800000E-01  9.297765E-01  3.419932E-09
3.800000E-01  9.177546E-01  3.091338E-09
3.800000E-01  9.048271E-01  2.771029E-09
3.800000E-01  8.910065E-01  2.462301E-09
3.800000E-01  8.763067E-01  2.169472E-09
3.800000E-01  8.607420E-01  1.894150E-09
3.800000E-01  8.443279E-01  1.639298E-09
3.800000E-01  8.270806E-01  1.406565E-09
3.800000E-01  8.090170E-01  1.193486E-09
3.800000E-01  7.901550E-01  1.005952E-09
3.800000E-01  7.705132E-01  8.382565E-10
3.800000E-01  7.501111E-01  6.937796E-10
3.800000E-01  7.289686E-01  5.688076E-10
3.800000E-01  7.071068E-01  4.623008E-10
3.800000E-01  6.845471E-01  3.723470E-10
3.800000E-01  6.613119E-01  2.971762E-10
3.800000E-01  6.374240E-01  2.349737E-10
3.800000E-01  6.129071E-01  1.840436E-10
3.800000E-01  5.877853E-01  1.429145E-10
3.800000E-01  5.620834E-01  1.099636E-10
3.800000E-01  5.358268E-01  8.380957E-11
3.800000E-01  5.090414E-01  6.352747E-11
3.800000E-01  4.817537E-01  4.748917E-11
3.800000E-01  4.539905E-01  3.525987E-11
3.800000E-01  4.257793E-01  2.594124E-11
3.800000E-01  3.971479E-01  1.899311E-11
3.800000E-01  3.681246E-01  1.376016E-11
3.800000E-01  3.387379E-01  9.880106E-12
3.800000E-01  3.090170E-01  7.051066E-12
3.800000E-01  2.789911E-01  4.995461E-12
3.800000E-01  2.486899E-01  3.513327E-12
3.800000E-01  2.181432E-01  2.456310E-12
3.800000E-01  1.873813E-01  1.706241E-12
3.800000E-01  1.564345E-01  1.177647E-12
3.800000E-01  1.253332E-01  8.082751E-13
3.800000E-01  9.410831E-02  5.518222E-13
3.800000E-01  6.279052E-02  3.748980E-13
3.800000E-01  3.141076E-02  2.535034E-13
3.800000E-01  -1.271035E-15  1.707546E-13
4.000000E-01  1.000000E+00  7.860680E-09
4.000000E-01  9.995066E-01  7.827241E-09
4.000000E-01  9.980267E-01  7.731077E-09
4.000000E-01  9.955620E-01  7.570838E-09
4.000000E-01  9.921147E-01  7.353148E-09
4.000000E-01  9.876883E-01  7.084118E-09
4.000000E-01  9.822873E-01  6.766443E-09
4.000000E-01  9.759168E-01  6.409777E-09
4.000000E-01  9.685832E-01  6.018394E-09
4.000000E-01  9.602937E-01  5.603662E-09
4.000000E-01  9.510565E-01  5.175573E-09
4.000000E-01  9.408808E-01  4.717425E-09
4.000000E-01  9.297765E-01  4.289564E-09
4.000000E-01  9.177546E-01  3.855283E-09
4.000000E-01  9.048271E-01  3.433824E-09
4.000000E-01  8.910065E-01  3.031400E-09
4.000000E-01  8.763067E-01  2.651241E-09
4.000000E-01  8.607420E-01  2.298348E-09
4.000000E-01  8.443279E-01  1.969009E-09
4.000000E-01  8.270806E-01  1.672423E-09
4.000000E-01  8.090170E-01  1.409019E-09
4.000000E-01  7.901550E-01  1.173732E-09
4.000000E-01  7.705132E-01  9.690991E-10
4.000000E-01  7.501111E-01  7.922922E-10
4.000000E-01  7.289686E-01  6.416130E-10
4.000000E-01  7.071068E-01  5.143426E-10
4.000000E-01  6.845471E-01  4.083811E-10
4.000000E-01  6.613119E-01  3.211483E-10
4.000000E-01  6.374240E-01  2.499757E-10
4.000000E-01  6.129071E-01  1.927495E-10
4.000000E-01  5.877853E-01  1.470376E-10
4.000000E-01  5.620834E-01  1.111324E-10
4.000000E-01  5.358268E-01  8.327141E-11
4.000000E-01  5.090414E-01  6.162632E-11
4.000000E-01  4.817537E-01  4.525508E-11
4.000000E-01  4.539905E-01  3.293230E-11
4.000000E-01  4.257793E-01  2.373927E-11
4.000000E-01  3.971479E-01  1.696809E-11
4.000000E-01  3.681246E-01  1.202280E-11
4.000000E-01  3.387379E-01  8.446297E-12
4.000000E-01  3.090170E-01  5.885139E-12
4.000000E-01  2.789911E-01  4.068139E-12
4.000000E-01  2.486899E-01  2.791224E-12
4.000000E-01  2.181432E-01  1.901593E-12
4.000000E-01  1.873813E-01  1.286233E-12
4.000000E-01  1.564345E-01  8.645743E-13
4.000000E-01  1.253332E-01  5.773680E-13
4.000000E-01  9.410831E-02  3.834243E-13
4.000000E-01  6.279052E-02  2.533127E-13
4.000000E-01  3.141076E-02  1.664309E-13
4.000000E-01  -1.271035E-15  1.089359E-13
4.200000E-01  1.000000E+00  9.903654E-09
4.200000E-01  9.995066E-01  9.860787E-09
4.200000E-01  9.980267E-01  9.734341E-09
4.200000E-01  9.955620E-01  9.522649E-09
4.200000E-01  9.921147E-01  9.236435E-09
4.200000E-01  9.876883E-01  8.882329E-09
4.200000E-01  9.822873E-01  8.465253E-09
4.200000E-01  9.759168E-01  7.995716E-09
4.200000E-01  9.685832E-01  7.487912E-09
4.200000E-01  9.602937E-01  6.945619E-09
4.200000E-01  9.510565E-01  6.382576E-09
4.200000E-01  9.408808E-01  5.811900E-09
4.200000E-01  9.297765E-01  5.243460E-09
4.200000E-01  9.177546E-01  4.687415E-09
4.200000E-01  9.048271E-01  4.149587E-09
4.200000E-01  8.910065E-01  3.638145E-09
4.200000E-01  8.763067E-01  3.154987E-09
4.200000E-01  8.607420E-01  2.711727E-09
4.200000E-01  8.443279E-01  2.305811E-09
4.200000E-01  8.270806E-01  1.941867E-09
4.200000E-01  8.090170E-01  1.618138E-09
4.200000E-01  7.901550E-01  1.334699E-09
4.200000E-01  7.705132E-01  1.089912E-09
4.200000E-01  7.501111E-01  8.804443E-10
4.200000E-01  7.289686E-01  7.037064E-10
4.200000E-01  7.071068E-01  5.566856E-10
4.200000E-01  6.845471E-01  4.356216E-10
4.200000E-01  6.613119E-01  3.376633E-10
4.200000E-01  6.374240E-01  2.596894E-10
4.200000E-01  6.129071E-01  1.958462E-10
4.200000E-01  5.877853E-01  1.467474E-10
4.200000E-01  5.620834E-01  1.089021E-10
4.200000E-01  5.358268E-01  7.995358E-11
4.200000E-01  5.090414E-01  5.812468E-11
4.200000E-01  4.817537E-01  4.181801E-11
4.200000E-01  4.539905E-01  2.978342E-11
4.200000E-01  4.257793E-01  2.100608E-11
4.200000E-01  3.971479E-01  1.467938E-11
4.200000E-01  3.681246E-01  1.015961E-11
4.200000E-01  3.387379E-01  6.965999E-12
4.200000E-01  3.090170E-01  4.762889E-12
4.200000E-01  2.789911E-01  3.190155E-12
4.200000E-01  2.486899E-01  2.133451E-12
4.200000E-01  2.181432E-01  1.415234E-12
4.200000E-01  1.873813E-01  9.317280E-13
4.200000E-01  1.564345E-01  6.091418E-13
4.200000E-01  1.253332E-01  3.956183E-13
4.200000E-01  9.410831E-02  2.553368E-13
4.200000E-01  6.279052E-02  1.638461E-13
4.200000E-01  3.141076E-02  1.045691E-13
4.200000E-01  -1.271035E-15  6.640411E-14
4.400000E-01  1.000000E+00  1.220868E-08
4.400000E-01  9.995066E-01  1.215234E-08
4.400000E-01  9.980267E-01  1.199032E-08
4.400000E-01  9.955620E-01  1.171505E-08
4.400000E-01  9.921147E-01  1.134884E-08
4.400000E-01  9.876883E-01  1.085352E-08
4.400000E-01  9.822873E-01  1.035709E-08
4.400000E-01  9.759168E-01  9.757003E-09
4.400000E-01  9.685832E-01  9.105801E-09
4.400000E-01  9.602937E-01  8.418405E-09
4.400000E-01  9.510565E-01  7.704000E-09
4.400000E-01  9.408808E-01  6.982229E-09
4.400000E-01  9.297765E-01  6.268575E-09
4.400000E-01  9.177546E-01  5.570890E-09
4.400000E-01  9.048271E-01  4.901110E-09
4.400000E-01  8.910065E-01  4.265238E-09
4.400000E-01  8.763067E-01  3.673760E-09
4.400000E-01  8.607420E-01  3.130515E-09
4.400000E-01  8.443279E-01  2.639073E-09
4.400000E-01  8.270806E-01  2.201429E-09
4.400000E-01  8.090170E-01  1.817417E-09
4.400000E-01  7.901550E-01  1.481670E-09
4.400000E-01  7.705132E-01  1.195318E-09
4.400000E-01  7.501111E-01  9.539165E-10
4.400000E-01  7.289686E-01  7.523736E-10
4.400000E-01  7.071068E-01  5.866985E-10
4.400000E-01  6.845471E-01  4.523391E-10
4.400000E-01  6.613119E-01  3.446295E-10
4.400000E-01  6.374240E-01  2.595702E-10
4.400000E-01  6.129071E-01  1.933966E-10
4.400000E-01  5.877853E-01  1.424131E-10
4.400000E-01  5.620834E-01  1.036918E-10
4.400000E-01  5.358268E-01  7.467178E-11
4.400000E-01  5.090414E-01  5.318272E-11
4.400000E-01  4.817537E-01  3.745826E-11
4.400000E-01  4.539905E-01  2.610013E-11
4.400000E-01  4.257793E-01  1.799691E-11
4.400000E-01  3.971479E-01  1.228020E-11
4.400000E-01  3.681246E-01  8.295087E-12
4.400000E-01  3.387379E-01  5.547730E-12
4.400000E-01  3.090170E-01  3.675373E-12
4.400000E-01  2.789911E-01  2.412996E-12
4.400000E-01  2.486899E-01  1.570648E-12
4.400000E-01  2.181432E-01  1.013671E-12
4.400000E-01  1.873813E-01  6.489111E-13
4.400000E-01  1.564345E-01  4.123359E-13
4.400000E-01  1.253332E-01  2.602776E-13
4.400000E-01  9.410831E-02  1.631283E-13
4.400000E-01  6.279052E-02  1.015422E-13
4.400000E-01  3.141076E-02  6.423013E-14
4.400000E-01  -1.271035E-15  3.872862E-14
4.600000E-01  1.000000E+00  1.478009E-08
4.600000E-01  9.995066E-01  1.470129E-08
4.600000E-01  9.980267E-01  1.449460E-08
4.600000E-01  9.955620E-01  1.415191E-08
4.600000E-01  9.921147E-01  1.368647E-08
4.600000E-01  9.876883E-01  1.311267E-08
4.600000E-01  9.822873E-01  1.243854E-08
4.600000E-01  9.759168E-01  1.168337E-08
4.600000E-01  9.685832E-01  1.087110E-08
4.600000E-01  9.602937E-01  1.001081E-08
4.600000E-01  9.510565E-01  9.124627E-09
4.600000E-01  9.408808E-01  8.232776E-09
4.600000E-01  9.297765E-01  7.357803E-09
4.600000E-01  9.177546E-01  6.488426E-09
4.600000E-01  9.048271E-01  5.669722E-09
4.600000E-01  8.910065E-01  4.901754E-09
4.600000E-01  8.763067E-01  4.189850E-09
4.600000E-01  8.607420E-01  3.541518E-09
4.600000E-01  8.443279E-01  2.958255E-09
4.600000E-01  8.270806E-01  2.443395E-09
4.600000E-01  8.090170E-01  1.996066E-09
4.600000E-01  7.901550E-01  1.608797E-09
4.600000E-01  7.705132E-01  1.282710E-09
4.600000E-01  7.501111E-01  1.011008E-09
4.600000E-01  7.289686E-01  7.857561E-10
4.600000E-01  7.071068E-01  6.033872E-10
4.600000E-01  6.845471E-01  4.580883E-10
4.600000E-01  6.613119E-01  3.435629E-10
4.600000E-01  6.374240E-01  2.545270E-10
4.600000E-01  6.129071E-01  1.861864E-10
4.600000E-01  5.877853E-01  1.345714E-10
4.600000E-01  5.620834E-01  9.609524E-11
4.600000E-01  5.358268E-01  6.783053E-11
4.600000E-01  5.090414E-01  4.727237E-11
4.600000E-01  4.817537E-01  3.257444E-11
4.600000E-01  4.539905E-01  2.218456E-11
4.600000E-01  4.257793E-01  1.493490E-11
4.600000E-01  3.971479E-01  9.950262E-12
4.600000E-01  3.681246E-01  6.555100E-12
4.600000E-01  3.387379E-01  4.271053E-12
4.600000E-01  3.090170E-01  2.756641E-12
4.600000E-01  2.789911E-01  1.762436E-12
4.600000E-01  2.486899E-01  1.115615E-12
4.600000E-01  2.181432E-01  6.998674E-13
4.600000E-01  1.873813E-01  4.353176E-13
4.600000E-01  1.564345E-01  2.686005E-13
4.600000E-01  1.253332E-01  1.644572E-13
4.600000E-01  9.410831E-02  9.999921E-14
4.600000E-01  6.279052E-02  6.036972E-14
4.600000E-01  3.141076E-02  3.622968E-14
4.600000E-01  -1.271035E-15  2.163247E-14
4.800000E-01  1.000000E+00  1.763151E-08
4.800000E-01  9.995066E-01  1.755103E-08
4.800000E-01  9.980267E-01  1.729697E-08
4.800000E-01  9.955620E-01  1.686917E-08
4.800000E-01  9.921147E-01  1.629010E-08
4.800000E-01  9.876883E-01  1.557271E-08
4.800000E-01  9.822873E-01  1.473899E-08
4.800000E-01  9.759168E-01  1.380813E-08
4.800000E-01  9.685832E-01  1.280001E-08
4.800000E-01  9.602937E-01  1.174114E-08
4.800000E-01  9.510565E-01  1.065626E-08
4.800000E-01  9.408808E-01  9.562662E-09
4.800000E-01  9.297765E-01  8.489175E-09
4.800000E-01  9.177546E-01  7.452865E-09
4.800000E-01  9.048271E-01  6.467987E-09
4.800000E-01  8.910065E-01  5.550346E-09
4.800000E-01  8.763067E-01  4.704595E-09
4.800000E-01  8.607420E-01  3.939539E-09
4.800000E-01  8.443279E-01  3.262737E-09
4.800000E-01  8.270806E-01  2.667242E-09
4.800000E-01  8.090170E-01  2.153246E-09
4.800000E-01  7.901550E-01  1.716384E-09
4.800000E-01  7.705132E-01  1.350839E-09
4.800000E-01  7.501111E-01  1.022794E-09
4.800000E-01  7.289686E-01  8.042284E-10
4.800000E-01  7.071068E-01  6.086617E-10
4.800000E-01  6.845471E-01  4.548816E-10
4.800000E-01  6.613119E-01  3.353693E-10
4.800000E-01  6.374240E-01  2.440961E-10
4.800000E-01  6.129071E-01  1.753453E-10
4.800000E-01  5.877853E-01  1.244640E-10
4.800000E-01  5.620834E-01  8.694728E-11
4.800000E-01  5.358268E-01  6.006509E-11
4.800000E-01  5.090414E-01  4.096652E-11
4.800000E-01  4.817537E-01  2.759409E-11
4.800000E-01  4.539905E-01  1.835190E-11
4.800000E-01  4.257793E-01  1.206035E-11
4.800000E-01  3.971479E-01  7.835318E-12
4.800000E-01  3.681246E-01  5.027925E-12
4.800000E-01  3.387379E-01  3.192280E-12
4.800000E-01  3.090170E-01  2.004709E-12
4.800000E-01  2.789911E-01  1.245698E-12
4.800000E-01  2.486899E-01  7.662437E-13
4.800000E-01  2.181432E-01  4.668688E-13
4.800000E-01  1.873813E-01  2.818949E-13
4.800000E-01  1.564345E-01  1.687475E-13
4.800000E-01  1.253332E-01  1.001788E-13
4.800000E-01  9.410831E-02  5.904507E-14
4.800000E-01  6.279052E-02  3.453751E-14
4.800000E-01  3.141076E-02  2.009132E-14
4.800000E-01  -1.271035E-15  1.157902E-14
5.000000E-01  1.000000E+00  2.101564E-08
5.000000E-01  9.995066E-01  2.091670E-08
5.000000E-01  9.980267E-01  2.058071E-08
5.000000E-01  9.955620E-01  2.004772E-08
5.000000E-01  9.921147E-01  1.932627E-08
5.000000E-01  9.876883E-01  1.844862E-08
5.000000E-01  9.822873E-01  1.740797E-08
5.000000E-01  9.759168E-01  1.625578E-08
5.000000E-01  9.685832E-01  1.502189E-08
5.000000E-01  9.602937E-01  1.371678E-08
5.000000E-01  9.510565E-01  1.239622E-08
5.000000E-01  9.408808E-01  1.106011E-08
5.000000E-01  9.297765E-01  9.748178E-09
5.000000E-01  9.177546E-01  8.513500E-09
5.000000E-01  9.048271E-01  7.336976E-09
5.000000E-01  8.910065E-01  6.241228E-09
5.000000E-01  8.763067E-01  5.279933E-09
5.000000E-01  8.607420E-01  4.354645E-09
5.000000E-01  8.443279E-01  3.569253E-09
5.000000E-01  8.270806E-01  2.887029E-09
5.000000E-01  8.090170E-01  2.303209E-09
5.000000E-01  7.901550E-01  1.810549E-09
5.000000E-01  7.705132E-01  1.407303E-09
5.000000E-01  7.501111E-01  1.077983E-09
5.000000E-01  7.289686E-01  8.144117E-10
5.000000E-01  7.071068E-01  6.066161E-10
5.000000E-01  6.845471E-01  4.456996E-10
5.000000E-01  6.613119E-01  3.230234E-10
5.000000E-01  6.374240E-01  2.308232E-10
5.000000E-01  6.129071E-01  1.625649E-10
5.000000E-01  5.877853E-01  1.129100E-10
5.000000E-01  5.620834E-01  7.738532E-11
5.000000E-01  5.358268E-01  5.228591E-11
5.000000E-01  5.090414E-01  3.484619E-11
5.000000E-01  4.817537E-01  2.292688E-11
5.000000E-01  4.539905E-01  1.488676E-11
5.000000E-01  4.257793E-01  9.536741E-12
5.000000E-01  3.971479E-01  6.038327E-12
5.000000E-01  3.681246E-01  3.773414E-12
5.000000E-01  3.387379E-01  2.330457E-12
5.000000E-01  3.090170E-01  1.422498E-12
5.000000E-01  2.789911E-01  8.587937E-13
5.000000E-01  2.486899E-01  5.129726E-13
5.000000E-01  2.181432E-01  3.034287E-13
5.000000E-01  1.873813E-01  1.776736E-13
5.000000E-01  1.564345E-01  1.031601E-13
5.000000E-01  1.253332E-01  5.936019E-14
5.000000E-01  9.410831E-02  3.389570E-14
5.000000E-01  6.279052E-02  1.920580E-14
5.000000E-01  3.141076E-02  1.081515E-14
5.000000E-01  -1.271035E-15  6.051879E-15
5.200000E-01  1.000000E+00  2.516495E-08
5.200000E-01  9.995066E-01  2.512754E-08
5.200000E-01  9.980267E-01  2.458354E-08
5.200000E-01  9.955620E-01  2.393214E-08
5.200000E-01  9.921147E-01  2.309792E-08
5.200000E-01  9.876883E-01  2.193285E-08
5.200000E-01  9.822873E-01  2.065361E-08
5.200000E-01  9.759168E-01  1.928481E-08
5.200000E-01  9.685832E-01  1.769143E-08
5.200000E-01  9.602937E-01  1.610240E-08
5.200000E-01  9.510565E-01  1.444636E-08
5.200000E-01  9.408808E-01  1.286834E-08
5.200000E-01  9.297765E-01  1.125713E-08
5.200000E-01  9.177546E-01  9.755655E-09
5.200000E-01  9.048271E-01  8.341929E-09
5.200000E-01  8.910065E-01  7.028631E-09
5.200000E-01  8.763067E-01  5.853182E-09
5.200000E-01  8.607420E-01  4.822762E-09
5.200000E-01  8.443279E-01  3.899879E-09
5.200000E-01  8.270806E-01  3.119694E-09
5.200000E-01  8.090170E-01  2.463104E-09
5.200000E-01  7.901550E-01  1.906551E-09
5.200000E-01  7.705132E-01  1.460011E-09
5.200000E-01  7.501111E-01  1.103527E-09
5.200000E-01  7.289686E-01  8.235660E-10
5.200000E-01  7.071068E-01  6.019496E-10
5.200000E-01  6.845471E-01  4.345342E-10
5.200000E-01  6.613119E-01  3.084105E-10
5.200000E-01  6.374240E-01  2.160504E-10
5.200000E-01  6.129071E-01  1.492551E-10
5.200000E-01  5.877853E-01  1.015841E-10
5.200000E-01  5.620834E-01  6.806686E-11
5.200000E-01  5.358268E-01  4.495908E-11
5.200000E-01  5.090414E-01  2.959261E-11
5.200000E-01  4.817537E-01  1.882275E-11
5.200000E-01  4.539905E-01  1.190187E-11
5.200000E-01  4.257793E-01  7.420664E-12
5.200000E-01  3.971479E-01  4.578655E-12
5.200000E-01  3.681246E-01  2.783559E-12
5.200000E-01  3.387379E-01  1.679319E-12
5.200000E-01  3.090170E-01  9.930923E-13
5.200000E-01  2.789911E-01  5.808879E-13
5.200000E-01  2.486899E-01  3.358819E-13
5.200000E-01  2.181432E-01  1.931864E-13
5.200000E-01  1.873813E-01  1.096236E-13
5.200000E-01  1.564345E-01  6.178504E-14
5.200000E-01  1.253332E-01  3.447305E-14
5.200000E-01  9.410831E-02  1.910703E-14
5.200000E-01  6.279052E-02  1.044542E-14
5.200000E-01  3.141076E-02  5.664893E-15
5.200000E-01  -1.271035E-15  3.071941E-15
5.400000E-01  1.000000E+00  2.992702E-08
5.400000E-01  9.995066E-01  2.995379E-08
5.400000E-01  9.980267E-01  2.924870E-08
5.400000E-01  9.955620E-01  2.866325E-08
5.400000E-01  9.921147E-01  2.739001E-08
5.400000E-01  9.876883E-01  2.594324E-08
5.400000E-01  9.822873E-01  2.443850E-08
5.400000E-01  9.759168E-01  2.264136E-08
5.400000E-01  9.685832E-01  2.074304E-08
5.400000E-01  9.602937E-01  1.866494E-08
5.400000E-01  9.510565E-01  1.684861E-08
5.400000E-01  9.408808E-01  1.478946E-08
5.400000E-01  9.297765E-01  1.288173E-08
5.400000E-01  9.177546E-01  1.116760E-08
5.400000E-01  9.048271E-01  9.393551E-09
5.400000E-01  8.910065E-01  7.922632E-09
5.400000E-01  8.763067E-01  6.471857E-09
5.400000E-01  8.607420E-01  5.251183E-09
5.400000E-01  8.443279E-01  4.192780E-09
5.400000E-01  8.270806E-01  3.327555E-09
5.400000E-01  8.090170E-01  2.593115E-09
5.400000E-01  7.901550E-01  1.981108E-09
5.400000E-01  7.705132E-01  1.501336E-09
5.400000E-01  7.501111E-01  1.114690E-09
5.400000E-01  7.289686E-01  8.135335E-10
5.400000E-01  7.071068E-01  5.888637E-10
5.400000E-01  6.845471E-01  4.175907E-10
5.400000E-01  6.613119E-01  2.942834E-10
5.400000E-01  6.374240E-01  2.023357E-10
5.400000E-01  6.129071E-01  1.353170E-10
5.400000E-01  5.877853E-01  9.001529E-11
5.400000E-01  5.620834E-01  5.908140E-11
5.400000E-01  5.358268E-01  3.794310E-11
5.400000E-01  5.090414E-01  2.409079E-11
5.400000E-01  4.817537E-01  1.514439E-11
5.400000E-01  4.539905E-01  9.372852E-12
5.400000E-01  4.257793E-01  5.736997E-12
5.400000E-01  3.971479E-01  3.396472E-12
5.400000E-01  3.681246E-01  2.018727E-12
5.400000E-01  3.387379E-01  1.176358E-12
5.400000E-01  3.090170E-01  6.762042E-13
5.400000E-01  2.789911E-01  3.780758E-13
5.400000E-01  2.486899E-01  2.150806E-13
5.400000E-01  2.181432E-01  1.191259E-13
5.400000E-01  1.873813E-01  6.590642E-14
5.400000E-01  1.564345E-01  3.597129E-14
5.400000E-01  1.253332E-01  1.932172E-14
5.400000E-01  9.410831E-02  1.025374E-14
5.400000E-01  6.279052E-02  5.473225E-15
5.400000E-01  3.141076E-02  2.813694E-15
5.400000E-01  -1.271035E-15  1.478418E-15
5.600000E-01  1.000000E+00  3.477954E-08
5.600000E-01  9.995066E-01  3.432970E-08
5.600000E-01  9.980267E-01  3.356254E-08
5.600000E-01  9.955620E-01  3.275126E-08
5.600000E-01  9.921147E-01  3.064447E-08
5.600000E-01  9.876883E-01  2.966040E-08
5.600000E-01  9.822873E-01  2.779898E-08
5.600000E-01  9.759168E-01  2.574516E-08
5.600000E-01  9.685832E-01  2.352573E-08
5.600000E-01  9.602937E-01  2.074182E-08
5.600000E-01  9.510565E-01  1.880556E-08
5.600000E-01  9.408808E-01  1.679626E-08
5.600000E-01  9.297765E-01  1.431304E-08
5.600000E-01  9.177546E-01  1.253948E-08
5.600000E-01  9.048271E-01  1.043174E-08
5.600000E-01  8.910065E-01  8.587180E-09
5.600000E-01  8.763067E-01  7.063689E-09
5.600000E-01  8.607420E-01  5.635311E-09
5.600000E-01  8.443279E-01  4.582197E-09
5.600000E-01  8.270806E-01  3.463322E-09
5.600000E-01  8.090170E-01  2.680503E-09
5.600000E-01  7.901550E-01  1.995469E-09
5.600000E-01  7.705132E-01  1.510891E-09
5.600000E-01  7.501111E-01  1.102363E-09
5.600000E-01  7.289686E-01  7.998362E-10
5.600000E-01  7.071068E-01  5.528254E-10
5.600000E-01  6.845471E-01  4.228022E-10
5.600000E-01  6.613119E-01  2.654616E-10
5.600000E-01  6.374240E-01  1.813522E-10
5.600000E-01  6.129071E-01  1.179723E-10
5.600000E-01  5.877853E-01  7.690674E-11
5.600000E-01  5.620834E-01  5.029481E-11
5.600000E-01  5.358268E-01  3.147211E-11
5.600000E-01  5.090414E-01  1.934744E-11
5.600000E-01  4.817537E-01  1.177133E-11
5.600000E-01  4.539905E-01  7.184327E-12
5.600000E-01  4.257793E-01  4.137846E-12
5.600000E-01  3.971479E-01  2.419340E-12
5.600000E-01  3.681246E-01  1.386435E-12
5.600000E-01  3.387379E-01  7.827000E-13
5.600000E-01  3.090170E-01  4.321812E-13
5.600000E-01  2.789911E-01  2.415249E-13
5.600000E-01  2.486899E-01  1.276273E-13
5.600000E-01  2.181432E-01  6.992866E-14
5.600000E-01  1.873813E-01  3.696571E-14
5.600000E-01  1.564345E-01  1.938475E-14
5.600000E-01  1.253332E-01  1.019082E-14
5.600000E-01  9.410831E-02  5.183839E-15
5.600000E-01  6.279052E-02  2.712295E-15
5.600000E-01  3.141076E-02  1.312782E-15
5.600000E-01  -1.271035E-15  6.794284E-16
5.800000E-01  1.000000E+00  3.679433E-08
5.800000E-01  9.995066E-01  3.670348E-08
5.800000E-01  9.980267E-01  3.611165E-08
5.800000E-01  9.955620E-01  3.522829E-08
5.800000E-01  9.921147E-01  3.436315E-08
5.800000E-01  9.876883E-01  3.287797E-08
5.800000E-01  9.822873E-01  3.043236E-08
5.800000E-01  9.759168E-01  2.823970E-08
5.800000E-01  9.685832E-01  2.489063E-08
5.800000E-01  9.602937E-01  2.238855E-08
5.800000E-01  9.510565E-01  2.026741E-08
5.800000E-01  9.408808E-01  1.743991E-08
5.800000E-01  9.297765E-01  1.522595E-08
5.800000E-01  9.177546E-01  1.278849E-08
5.800000E-01  9.048271E-01  1.066143E-08
5.800000E-01  8.910065E-01  8.673049E-09
5.800000E-01  8.763067E-01  7.182419E-09
5.800000E-01  8.607420E-01  5.694864E-09
5.800000E-01  8.443279E-01  4.440276E-09
5.800000E-01  8.270806E-01  3.436310E-09
5.800000E-01  8.090170E-01  2.599247E-09
5.800000E-01  7.901550E-01  1.950588E-09
5.800000E-01  7.705132E-01  1.404832E-09
5.800000E-01  7.501111E-01  9.953908E-10
5.800000E-01  7.289686E-01  7.111231E-10
5.800000E-01  7.071068E-01  4.914798E-10
5.800000E-01  6.845471E-01  3.349267E-10
5.800000E-01  6.613119E-01  2.295124E-10
5.800000E-01  6.374240E-01  INF
5.800000E-01  6.129071E-01  9.696938E-11
5.800000E-01  5.877853E-01  6.221038E-11
5.800000E-01  5.620834E-01  3.876735E-11
5.800000E-01  5.358268E-01  INF
5.800000E-01  5.090414E-01  1.402731E-11
5.800000E-01  4.817537E-01  8.311465E-12
5.800000E-01  4.539905E-01  INF
5.800000E-01  4.257793E-01  2.848182E-12
5.800000E-01  3.971479E-01  1.515078E-12
5.800000E-01  3.681246E-01  8.710832E-13
5.800000E-01  3.387379E-01  4.734504E-13
5.800000E-01  3.090170E-01  2.478285E-13
5.800000E-01  2.789911E-01  1.531448E-13
5.800000E-01  2.486899E-01  7.543497E-14
5.800000E-01  2.181432E-01  3.815617E-14
5.800000E-01  1.873813E-01  1.895414E-14
5.800000E-01  1.564345E-01  9.918253E-15
5.800000E-01  1.253332E-01  4.981204E-15
5.800000E-01  9.410831E-02  2.438027E-15
5.800000E-01  6.279052E-02  1.179457E-15
5.800000E-01  3.141076E-02  5.835342E-16
5.800000E-01  -1.271035E-15  2.800995E-16
6.000000E-01  1.000000E+00  5.821774E-10
6.000000E-01  9.995066E-01  7.840624E-10
6.000000E-01  9.980267E-01  1.592787E-09
6.000000E-01  9.955620E-01  3.744289E-08
6.000000E-01  9.921147E-01  3.481724E-08
6.000000E-01  9.876883E-01  3.377648E-08
6.000000E-01  9.822873E-01  2.978165E-08
6.000000E-01  9.759168E-01  2.851729E-08
6.000000E-01  9.685832E-01  2.521833E-08
6.000000E-01  9.602937E-01  2.306795E-08
6.000000E-01  9.510565E-01  1.976234E-08
6.000000E-01  9.408808E-01  1.796188E-08
6.000000E-01  9.297765E-01  1.485752E-08
6.000000E-01  9.177546E-01  1.289320E-08
6.000000E-01  9.048271E-01  1.050133E-08
6.000000E-01  8.910065E-01  8.780909E-09
6.000000E-01  8.763067E-01  6.845487E-09
6.000000E-01  8.607420E-01  5.454546E-09
6.000000E-01  8.443279E-01  4.173327E-09
6.000000E-01  8.270806E-01  3.137050E-09
6.000000E-01  8.090170E-01  2.382241E-09
6.000000E-01  7.901550E-01  1.742922E-09
6.000000E-01  7.705132E-01  1.258749E-09
6.000000E-01  7.501111E-01  8.948027E-10
6.000000E-01  7.289686E-01  6.114503E-10
6.000000E-01  7.071068E-01  4.686374E-10
6.000000E-01  6.845471E-01  2.785882E-10
6.000000E-01  6.613119E-01  1.883795E-10
6.000000E-01  6.374240E-01  1.215324E-10
6.000000E-01  6.129071E-01  7.285759E-11
6.000000E-01  5.877853E-01  4.625323E-11
6.000000E-01  5.620834E-01  2.896938E-11
6.000000E-01  5.358268E-01  1.691963E-11
6.000000E-01  5.090414E-01  9.627631E-12
6.000000E-01  4.817537E-01  5.594420E-12
6.000000E-01  4.539905E-01  3.281915E-12
6.000000E-01  4.257793E-01  1.751551E-12
6.000000E-01  3.971479E-01  9.703918E-13
6.000000E-01  3.681246E-01  5.243510E-13
6.000000E-01  3.387379E-01  2.684766E-13
6.000000E-01  3.090170E-01  1.409940E-13
6.000000E-01  2.789911E-01  7.128694E-14
6.000000E-01  2.486899E-01  3.545623E-14
6.000000E-01  2.181432E-01  1.878474E-14
6.000000E-01  1.873813E-01  8.896201E-15
6.000000E-01  1.564345E-01  4.288206E-15
6.000000E-01  1.253332E-01  2.075074E-15
6.000000E-01  9.410831E-02  9.344563E-16
6.000000E-01  6.279052E-02  4.590759E-16
6.000000E-01  3.141076E-02  1.670614E-16
6.000000E-01  -1.271035E-15  1.006953E-16
6.200000E-01  1.000000E+00  2.424368E-07
6.200000E-01  9.995066E-01  4.593368E-08
6.200000E-01  9.980267E-01  1.102776E-07
6.200000E-01  9.955620E-01  3.811298E-07
6.200000E-01  9.921147E-01  1.074383E-06
6.200000E-01  9.876883E-01  3.821634E-06
6.200000E-01  9.822873E-01  9.698858E-06
6.200000E-01  9.759168E-01  2.509749E-05
6.200000E-01  9.685832E-01  2.407960E-08
6.200000E-01  9.602937E-01  2.192914E-08
6.200000E-01  9.510565E-01  1.890697E-08
6.200000E-01  9.408808E-01  1.751392E-08
6.200000E-01  9.297765E-01  1.486362E-08
6.200000E-01  9.177546E-01  1.205780E-08
6.200000E-01  9.048271E-01  9.135413E-09
6.200000E-01  8.910065E-01  8.399798E-09
6.200000E-01  8.763067E-01  5.960463E-09
6.200000E-01  