0.000000E+00  1.000000E+00  0.000000E+00
0.000000E+00  9.995066E-01  0.000000E+00
0.000000E+00  9.980267E-01  0.000000E+00
0.000000E+00  9.955620E-01  0.000000E+00
0.000000E+00  9.921147E-01  0.000000E+00
0.000000E+00  9.876883E-01  0.000000E+00
0.000000E+00  9.822873E-01  0.000000E+00
0.000000E+00  9.759168E-01  0.000000E+00
0.000000E+00  9.685832E-01  0.000000E+00
0.000000E+00  9.602937E-01  0.000000E+00
0.000000E+00  9.510565E-01  0.000000E+00
0.000000E+00  9.408808E-01  0.000000E+00
0.000000E+00  9.297765E-01  0.000000E+00
0.000000E+00  9.177546E-01  0.000000E+00
0.000000E+00  9.048271E-01  0.000000E+00
0.000000E+00  8.910065E-01  0.000000E+00
0.000000E+00  8.763067E-01  0.000000E+00
0.000000E+00  8.607420E-01  0.000000E+00
0.000000E+00  8.443279E-01  0.000000E+00
0.000000E+00  8.270806E-01  0.000000E+00
0.000000E+00  8.090170E-01  0.000000E+00
0.000000E+00  7.901550E-01  0.000000E+00
0.000000E+00  7.705132E-01  0.000000E+00
0.000000E+00  7.501111E-01  0.000000E+00
0.000000E+00  7.289686E-01  0.000000E+00
0.000000E+00  7.071068E-01  0.000000E+00
0.000000E+00  6.845471E-01  0.000000E+00
0.000000E+00  6.613119E-01  0.000000E+00
0.000000E+00  6.374240E-01  0.000000E+00
0.000000E+00  6.129071E-01  0.000000E+00
0.000000E+00  5.877853E-01  0.000000E+00
0.000000E+00  5.620834E-01  0.000000E+00
0.000000E+00  5.358268E-01  0.000000E+00
0.000000E+00  5.090414E-01  0.000000E+00
0.000000E+00  4.817537E-01  0.000000E+00
0.000000E+00  4.539905E-01  0.000000E+00
0.000000E+00  4.257793E-01  0.000000E+00
0.000000E+00  3.971479E-01  0.000000E+00
0.000000E+00  3.681246E-01  0.000000E+00
0.000000E+00  3.387379E-01  0.000000E+00
0.000000E+00  3.090170E-01  0.000000E+00
0.000000E+00  2.789911E-01  0.000000E+00
0.000000E+00  2.486899E-01  0.000000E+00
0.000000E+00  2.181432E-01  0.000000E+00
0.000000E+00  1.873813E-01  0.000000E+00
0.000000E+00  1.564345E-01  0.000000E+00
0.000000E+00  1.253332E-01  0.000000E+00
0.000000E+00  9.410831E-02  0.000000E+00
0.000000E+00  6.279052E-02  0.000000E+00
0.000000E+00  3.141076E-02  0.000000E+00
0.000000E+00  -1.271035E-15  0.000000E+00
2.000000E-02  1.000000E+00  2.929546E-13
2.000000E-02  9.995066E-01  2.928846E-13
2.000000E-02  9.980267E-01  2.926862E-13
2.000000E-02  9.955620E-01  2.924082E-13
2.000000E-02  9.921147E-01  2.922866E-13
2.000000E-02  9.876883E-01  2.918307E-13
2.000000E-02  9.822873E-01  2.912441E-13
2.000000E-02  9.759168E-01  2.905129E-13
2.000000E-02  9.685832E-01  2.897139E-13
2.000000E-02  9.602937E-01  2.895883E-13
2.000000E-02  9.510565E-01  2.876857E-13
2.000000E-02  9.408808E-01  2.866043E-13
2.000000E-02  9.297765E-01  2.853849E-13
2.000000E-02  9.177546E-01  2.841017E-13
2.000000E-02  9.048271E-01  2.826584E-13
2.000000E-02  8.910065E-01  2.811532E-13
2.000000E-02  8.763067E-01  2.795368E-13
2.000000E-02  8.607420E-01  2.778460E-13
2.000000E-02  8.443279E-01  2.760957E-13
2.000000E-02  8.270806E-01  2.747141E-13
2.000000E-02  8.090170E-01  2.727767E-13
2.000000E-02  7.901550E-01  2.703298E-13
2.000000E-02  7.705132E-01  2.682074E-13
2.000000E-02  7.501111E-01  2.661496E-13
2.000000E-02  7.289686E-01  2.639146E-13
2.000000E-02  7.071068E-01  2.616631E-13
2.000000E-02  6.845471E-01  2.593437E-13
2.000000E-02  6.613119E-01  2.569436E-13
2.000000E-02  6.374240E-01  2.546170E-13
2.000000E-02  6.129071E-01  2.520872E-13
2.000000E-02  5.877853E-01  2.496384E-13
2.000000E-02  5.620834E-01  2.471285E-13
2.000000E-02  5.358268E-01  2.443888E-13
2.000000E-02  5.090414E-01  2.419931E-13
2.000000E-02  4.817537E-01  2.392693E-13
2.000000E-02  4.539905E-01  2.367743E-13
2.000000E-02  4.257793E-01  2.341409E-13
2.000000E-02  3.971479E-01  2.314833E-13
2.000000E-02  3.681246E-01  2.289161E-13
2.000000E-02  3.387379E-01  2.262280E-13
2.000000E-02  3.090170E-01  2.234611E-13
2.000000E-02  2.789911E-01  2.206379E-13
2.000000E-02  2.486899E-01  2.180980E-13
2.000000E-02  2.181432E-01  2.153849E-13
2.000000E-02  1.873813E-01  2.127156E-13
2.000000E-02  1.564345E-01  2.099964E-13
2.000000E-02  1.253332E-01  2.074562E-13
2.000000E-02  9.410831E-02  2.049053E-13
2.000000E-02  6.279052E-02  2.022007E-13
2.000000E-02  3.141076E-02  1.996922E-13
2.000000E-02  -1.271035E-15  1.972151E-13
4.000000E-02  1.000000E+00  1.703581E-12
4.000000E-02  9.995066E-01  1.708090E-12
4.000000E-02  9.980267E-01  1.707081E-12
4.000000E-02  9.955620E-01  1.703096E-12
4.000000E-02  9.921147E-01  1.699327E-12
4.000000E-02  9.876883E-01  1.693169E-12
4.000000E-02  9.822873E-01  1.687416E-12
4.000000E-02  9.759168E-01  1.678505E-12
4.000000E-02  9.685832E-01  1.669389E-12
4.000000E-02  9.602937E-01  1.659349E-12
4.000000E-02  9.510565E-01  1.648064E-12
4.000000E-02  9.408808E-01  1.635149E-12
4.000000E-02  9.297765E-01  1.622080E-12
4.000000E-02  9.177546E-01  1.607929E-12
4.000000E-02  9.048271E-01  1.592869E-12
4.000000E-02  8.910065E-01  1.576346E-12
4.000000E-02  8.763067E-01  1.559187E-12
4.000000E-02  8.607420E-01  1.540969E-12
4.000000E-02  8.443279E-01  1.522434E-12
4.000000E-02  8.270806E-01  1.502529E-12
4.000000E-02  8.090170E-01  1.482324E-12
4.000000E-02  7.901550E-01  1.461639E-12
4.000000E-02  7.705132E-01  1.439806E-12
4.000000E-02  7.501111E-01  1.418153E-12
4.000000E-02  7.289686E-01  1.395472E-12
4.000000E-02  7.071068E-01  1.372441E-12
4.000000E-02  6.845471E-01  1.348990E-12
4.000000E-02  6.613119E-01  1.325429E-12
4.000000E-02  6.374240E-01  1.301415E-12
4.000000E-02  6.129071E-01  1.276863E-12
4.000000E-02  5.877853E-01  1.252216E-12
4.000000E-02  5.620834E-01  1.227645E-12
4.000000E-02  5.358268E-01  1.202985E-12
4.000000E-02  5.090414E-01  1.178019E-12
4.000000E-02  4.817537E-01  1.153295E-12
4.000000E-02  4.539905E-01  1.128838E-12
4.000000E-02  4.257793E-01  1.103829E-12
4.000000E-02  3.971479E-01  1.078875E-12
4.000000E-02  3.681246E-01  1.054472E-12
4.000000E-02  3.387379E-01  1.030401E-12
4.000000E-02  3.090170E-01  1.006216E-12
4.000000E-02  2.789911E-01  9.825015E-13
4.000000E-02  2.486899E-01  9.588854E-13
4.000000E-02  2.181432E-01  9.352188E-13
4.000000E-02  1.873813E-01  9.127952E-13
4.000000E-02  1.564345E-01  8.899719E-13
4.000000E-02  1.253332E-01  8.679088E-13
4.000000E-02  9.410831E-02  8.461601E-13
4.000000E-02  6.279052E-02  8.248537E-13
4.000000E-02  3.141076E-02  8.041988E-13
4.000000E-02  -1.271035E-15  7.834517E-13
6.000000E-02  1.000000E+00  5.540278E-12
6.000000E-02  9.995066E-01  5.536203E-12
6.000000E-02  9.980267E-01  5.527779E-12
6.000000E-02  9.955620E-01  5.511835E-12
6.000000E-02  9.921147E-01  5.492224E-12
6.000000E-02  9.876883E-01  5.467204E-12
6.000000E-02  9.822873E-01  5.435964E-12
6.000000E-02  9.759168E-01  5.399082E-12
6.000000E-02  9.685832E-01  5.356930E-12
6.000000E-02  9.602937E-01  5.309587E-12
6.000000E-02  9.510565E-01  5.256714E-12
6.000000E-02  9.408808E-01  5.200315E-12
6.000000E-02  9.297765E-01  5.137107E-12
6.000000E-02  9.177546E-01  5.073928E-12
6.000000E-02  9.048271E-01  4.999014E-12
6.000000E-02  8.910065E-01  4.928911E-12
6.000000E-02  8.763067E-01  4.849761E-12
6.000000E-02  8.607420E-01  4.769876E-12
6.000000E-02  8.443279E-01  4.684722E-12
6.000000E-02  8.270806E-01  4.597681E-12
6.000000E-02  8.090170E-01  4.507898E-12
6.000000E-02  7.901550E-01  4.413246E-12
6.000000E-02  7.705132E-01  4.320507E-12
6.000000E-02  7.501111E-01  4.224362E-12
6.000000E-02  7.289686E-01  4.124973E-12
6.000000E-02  7.071068E-01  4.025506E-12
6.000000E-02  6.845471E-01  3.924346E-12
6.000000E-02  6.613119E-01  3.823128E-12
6.000000E-02  6.374240E-01  3.715106E-12
6.000000E-02  6.129071E-01  3.618308E-12
6.000000E-02  5.877853E-01  3.517536E-12
6.000000E-02  5.620834E-01  3.415240E-12
6.000000E-02  5.358268E-01  3.313879E-12
6.000000E-02  5.090414E-01  3.212971E-12
6.000000E-02  4.817537E-01  3.112571E-12
6.000000E-02  4.539905E-01  3.013175E-12
6.000000E-02  4.257793E-01  2.915886E-12
6.000000E-02  3.971479E-01  2.818937E-12
6.000000E-02  3.681246E-01  2.723447E-12
6.000000E-02  3.387379E-01  2.629485E-12
6.000000E-02  3.090170E-01  2.539773E-12
6.000000E-02  2.789911E-01  2.388129E-12
6.000000E-02  2.486899E-01  2.301953E-12
6.000000E-02  2.181432E-01  2.217839E-12
6.000000E-02  1.873813E-01  2.135810E-12
6.000000E-02  1.564345E-01  2.056202E-12
6.000000E-02  1.253332E-01  1.978759E-12
6.000000E-02  9.410831E-02  1.903646E-12
6.000000E-02  6.279052E-02  1.830855E-12
6.000000E-02  3.141076E-02  1.808770E-12
6.000000E-02  -1.271035E-15  1.692420E-12
8.000000E-02  1.000000E+00  1.412766E-11
8.000000E-02  9.995066E-01  1.412629E-11
8.000000E-02  9.980267E-01  1.408916E-11
8.000000E-02  9.955620E-01  1.404077E-11
8.000000E-02  9.921147E-01  1.397295E-11
8.000000E-02  9.876883E-01  1.388903E-11
8.000000E-02  9.822873E-01  1.378565E-11
8.000000E-02  9.759168E-01  1.366903E-11
8.000000E-02  9.685832E-01  1.352819E-11
8.000000E-02  9.602937E-01  1.337316E-11
8.000000E-02  9.510565E-01  1.320232E-11
8.000000E-02  9.408808E-01  1.301711E-11
8.000000E-02  9.297765E-01  1.281503E-11
8.000000E-02  9.177546E-01  1.260342E-11
8.000000E-02  9.048271E-01  1.237801E-11
8.000000E-02  8.910065E-01  1.214048E-11
8.000000E-02  8.763067E-01  1.188874E-11
8.000000E-02  8.607420E-01  1.162910E-11
8.000000E-02  8.443279E-01  1.135920E-11
8.000000E-02  8.270806E-01  1.110002E-11
8.000000E-02  8.090170E-01  1.081661E-11
8.000000E-02  7.901550E-01  1.050942E-11
8.000000E-02  7.705132E-01  1.021704E-11
8.000000E-02  7.501111E-01  9.916854E-12
8.000000E-02  7.289686E-01  9.394278E-12
8.000000E-02  7.071068E-01  9.310801E-12
8.000000E-02  6.845471E-01  9.005995E-12
8.000000E-02  6.613119E-01  8.699922E-12
8.000000E-02  6.374240E-01  8.396602E-12
8.000000E-02  6.129071E-01  8.090989E-12
8.000000E-02  5.877853E-01  7.575611E-12
8.000000E-02  5.620834E-01  7.282611E-12
8.000000E-02  5.358268E-01  6.989101E-12
8.000000E-02  5.090414E-01  6.700160E-12
8.000000E-02  4.817537E-01  6.345776E-12
8.000000E-02  4.539905E-01  6.341572E-12
8.000000E-02  4.257793E-01  6.067780E-12
8.000000E-02  3.971479E-01  5.800748E-12
8.000000E-02  3.681246E-01  5.538984E-12
8.000000E-02  3.387379E-01  5.286768E-12
8.000000E-02  3.090170E-01  5.041472E-12
8.000000E-02  2.789911E-01  4.803712E-12
8.000000E-02  2.486899E-01  4.573082E-12
8.000000E-02  2.181432E-01  4.348815E-12
8.000000E-02  1.873813E-01  4.137366E-12
8.000000E-02  1.564345E-01  3.931516E-12
8.000000E-02  1.253332E-01  3.731815E-12
8.000000E-02  9.410831E-02  3.543674E-12
8.000000E-02  6.279052E-02  3.363134E-12
8.000000E-02  3.141076E-02  3.189253E-12
8.000000E-02  -1.271035E-15  3.023566E-12
1.000000E-01  1.000000E+00  3.168871E-11
1.000000E-01  9.995066E-01  3.164832E-11
1.000000E-01  9.980267E-01  3.157009E-11
1.000000E-01  9.955620E-01  3.142447E-11
1.000000E-01  9.921147E-01  3.125460E-11
1.000000E-01  9.876883E-01  3.102425E-11
1.000000E-01  9.822873E-01  3.074389E-11
1.000000E-01  9.759168E-01  3.040447E-11
1.000000E-01  9.685832E-01  3.002004E-11
1.000000E-01  9.602937E-01  2.961802E-11
1.000000E-01  9.510565E-01  2.913629E-11
1.000000E-01  9.408808E-01  2.863934E-11
1.000000E-01  9.297765E-01  2.811277E-11
1.000000E-01  9.177546E-01  2.754295E-11
1.000000E-01  9.048271E-01  2.692810E-11
1.000000E-01  8.910065E-01  2.627883E-11
1.000000E-01  8.763067E-01  2.561004E-11
1.000000E-01  8.607420E-01  2.491848E-11
1.000000E-01  8.443279E-01  2.420104E-11
1.000000E-01  8.270806E-01  2.347788E-11
1.000000E-01  8.090170E-01  2.272748E-11
1.000000E-01  7.901550E-01  2.197070E-11
1.000000E-01  7.705132E-01  2.121811E-11
1.000000E-01  7.501111E-01  2.045076E-11
1.000000E-01  7.289686E-01  1.912955E-11
1.000000E-01  7.071068E-01  1.835894E-11
1.000000E-01  6.845471E-01  1.759312E-11
1.000000E-01  6.613119E-01  1.683622E-11
1.000000E-01  6.374240E-01  1.661694E-11
1.000000E-01  6.129071E-01  1.586868E-11
1.000000E-01  5.877853E-01  1.513537E-11
1.000000E-01  5.620834E-01  1.439296E-11
1.000000E-01  5.358268E-01  1.370049E-11
1.000000E-01  5.090414E-01  1.301407E-11
1.000000E-01  4.817537E-01  1.233623E-11
1.000000E-01  4.539905E-01  1.167167E-11
1.000000E-01  4.257793E-01  1.103611E-11
1.000000E-01  3.971479E-01  1.042208E-11
1.000000E-01  3.681246E-01  9.847122E-12
1.000000E-01  3.387379E-01  9.246521E-12
1.000000E-01  3.090170E-01  8.736456E-12
1.000000E-01  2.789911E-01  8.218020E-12
1.000000E-01  2.486899E-01  7.720406E-12
1.000000E-01  2.181432E-01  7.213778E-12
1.000000E-01  1.873813E-01  6.797849E-12
1.000000E-01  1.564345E-01  6.370627E-12
1.000000E-01  1.253332E-01  5.965802E-12
1.000000E-01  9.410831E-02  5.583137E-12
1.000000E-01  6.279052E-02  5.220780E-12
1.000000E-01  3.141076E-02  4.879094E-12
1.000000E-01  -1.271035E-15  4.557679E-12
1.200000E-01  1.000000E+00  6.561891E-11
1.200000E-01  9.995066E-01  6.554730E-11
1.200000E-01  9.980267E-01  6.534905E-11
1.200000E-01  9.955620E-01  6.498874E-11
1.200000E-01  9.921147E-01  6.456582E-11
1.200000E-01  9.876883E-01  6.400782E-11
1.200000E-01  9.822873E-01  6.330518E-11
1.200000E-01  9.759168E-01  6.249261E-11
1.200000E-01  9.685832E-01  6.157135E-11
1.200000E-01  9.602937E-01  6.052997E-11
1.200000E-01  9.510565E-01  5.939584E-11
1.200000E-01  9.408808E-01  5.822447E-11
1.200000E-01  9.297765E-01  5.679454E-11
1.200000E-01  9.177546E-01  5.547084E-11
1.200000E-01  9.048271E-01  5.400602E-11
1.200000E-01  8.910065E-01  5.247816E-11
1.200000E-01  8.763067E-01  5.089630E-11
1.200000E-01  8.607420E-01  4.925535E-11
1.200000E-01  8.443279E-01  4.754090E-11
1.200000E-01  8.270806E-01  4.586293E-11
1.200000E-01  8.090170E-01  4.412795E-11
1.200000E-01  7.901550E-01  4.107637E-11
1.200000E-01  7.705132E-01  4.060949E-11
1.200000E-01  7.501111E-01  3.759770E-11
1.200000E-01  7.289686E-01  3.706693E-11
1.200000E-01  7.071068E-01  3.533532E-11
1.200000E-01  6.845471E-01  3.357290E-11
1.200000E-01  6.613119E-01  3.187177E-11
1.200000E-01  6.374240E-01  3.019499E-11
1.200000E-01  6.129071E-01  2.856092E-11
1.200000E-01  5.877853E-01  2.695419E-11
1.200000E-01  5.620834E-01  2.540749E-11
1.200000E-01  5.358268E-01  2.380375E-11
1.200000E-01  5.090414E-01  2.245399E-11
1.200000E-01  4.817537E-01  2.105003E-11
1.200000E-01  4.539905E-01  1.970812E-11
1.200000E-01  4.257793E-01  1.842189E-11
1.200000E-01  3.971479E-01  1.718733E-11
1.200000E-01  3.681246E-01  1.603766E-11
1.200000E-01  3.387379E-01  1.489464E-11
1.200000E-01  3.090170E-01  1.387596E-11
1.200000E-01  2.789911E-01  1.287625E-11
1.200000E-01  2.486899E-01  1.193184E-11
1.200000E-01  2.181432E-01  1.104722E-11
1.200000E-01  1.873813E-01  1.021283E-11
1.200000E-01  1.564345E-01  9.432480E-12
1.200000E-01  1.253332E-01  8.703025E-12
1.200000E-01  9.410831E-02  8.006710E-12
1.200000E-01  6.279052E-02  7.373659E-12
1.200000E-01  3.141076E-02  6.786880E-12
1.200000E-01  -1.271035E-15  6.240405E-12
1.400000E-01  1.000000E+00  1.287735E-10
1.400000E-01  9.995066E-01  1.284012E-10
1.400000E-01  9.980267E-01  1.280447E-10
1.400000E-01  9.955620E-01  1.273764E-10
1.400000E-01  9.921147E-01  1.263448E-10
1.400000E-01  9.876883E-01  1.251162E-10
1.400000E-01  9.822873E-01  1.234421E-10
1.400000E-01  9.759168E-01  1.215883E-10
1.400000E-01  9.685832E-01  1.195231E-10
1.400000E-01  9.602937E-01  1.171678E-10
1.400000E-01  9.510565E-01  1.145731E-10
1.400000E-01  9.408808E-01  1.118369E-10
1.400000E-01  9.297765E-01  1.088469E-10
1.400000E-01  9.177546E-01  1.057546E-10
1.400000E-01  9.048271E-01  1.024015E-10
1.400000E-01  8.910065E-01  9.905088E-11
1.400000E-01  8.763067E-01  9.554903E-11
1.400000E-01  8.607420E-01  9.197600E-11
1.400000E-01  8.443279E-01  8.558922E-11
1.400000E-01  8.270806E-01  8.186163E-11
1.400000E-01  8.090170E-01  8.079784E-11
1.400000E-01  7.901550E-01  7.702908E-11
1.400000E-01  7.705132E-01  7.321664E-11
1.400000E-01  7.501111E-01  6.944836E-11
1.400000E-01  7.289686E-01  6.574883E-11
1.400000E-01  7.071068E-01  6.211505E-11
1.400000E-01  6.845471E-01  5.855016E-11
1.400000E-01  6.613119E-01  5.487134E-11
1.400000E-01  6.374240E-01  5.166571E-11
1.400000E-01  6.129071E-01  4.839673E-11
1.400000E-01  5.877853E-01  4.520062E-11
1.400000E-01  5.620834E-01  4.210390E-11
1.400000E-01  5.358268E-01  3.919430E-11
1.400000E-01  5.090414E-01  3.647959E-11
1.400000E-01  4.817537E-01  3.372448E-11
1.400000E-01  4.539905E-01  3.119644E-11
1.400000E-01  4.257793E-01  2.879159E-11
1.400000E-01  3.971479E-01  2.652740E-11
1.400000E-01  3.681246E-01  2.439352E-11
1.400000E-01  3.387379E-01  2.238914E-11
1.400000E-01  3.090170E-01  2.050957E-11
1.400000E-01  2.789911E-01  1.876882E-11
1.400000E-01  2.486899E-01  1.714536E-11
1.400000E-01  2.181432E-01  1.564248E-11
1.400000E-01  1.873813E-01  1.427641E-11
1.400000E-01  1.564345E-01  1.298557E-11
1.400000E-01  1.253332E-01  1.179646E-11
1.400000E-01  9.410831E-02  1.070255E-11
1.400000E-01  6.279052E-02  9.699892E-12
1.400000E-01  3.141076E-02  8.782473E-12
1.400000E-01  -1.271035E-15  7.944509E-12
1.600000E-01  1.000000E+00  2.421280E-10
1.600000E-01  9.995066E-01  2.417331E-10
1.600000E-01  9.980267E-01  2.405768E-10
1.600000E-01  9.955620E-01  2.392137E-10
1.600000E-01  9.921147E-01  2.369741E-10
1.600000E-01  9.876883E-01  2.338188E-10
1.600000E-01  9.822873E-01  2.308078E-10
1.600000E-01  9.759168E-01  2.266877E-10
1.600000E-01  9.685832E-01  2.221410E-10
1.600000E-01  9.602937E-01  2.171204E-10
1.600000E-01  9.510565E-01  2.117354E-10
1.600000E-01  9.408808E-01  2.057705E-10
1.600000E-01  9.297765E-01  1.993519E-10
1.600000E-01  9.177546E-01  1.928894E-10
1.600000E-01  9.048271E-01  1.858924E-10
1.600000E-01  8.910065E-01  1.788462E-10
1.600000E-01  8.763067E-01  1.661436E-10
1.600000E-01  8.607420E-01  1.586898E-10
1.600000E-01  8.443279E-01  1.564882E-10
1.600000E-01  8.270806E-01  1.487712E-10
1.600000E-01  8.090170E-01  1.411218E-10
1.600000E-01  7.901550E-01  1.335637E-10
1.600000E-01  7.705132E-01  1.260141E-10
1.600000E-01  7.501111E-01  1.186886E-10
1.600000E-01  7.289686E-01  1.099786E-10
1.600000E-01  7.071068E-01  1.042172E-10
1.600000E-01  6.845471E-01  9.731810E-11
1.600000E-01  6.613119E-01  9.057418E-11
1.600000E-01  6.374240E-01  8.418328E-11
1.600000E-01  6.129071E-01  7.791918E-11
1.600000E-01  5.877853E-01  7.205824E-11
1.600000E-01  5.620834E-01  6.653869E-11
1.600000E-01  5.358268E-01  6.110645E-11
1.600000E-01  5.090414E-01  5.606022E-11
1.600000E-01  4.817537E-01  5.131603E-11
1.600000E-01  4.539905E-01  4.684963E-11
1.600000E-01  4.257793E-01  4.269524E-11
1.600000E-01  3.971479E-01  3.879464E-11
1.600000E-01  3.681246E-01  3.527315E-11
1.600000E-01  3.387379E-01  3.191930E-11
1.600000E-01  3.090170E-01  2.882649E-11
1.600000E-01  2.789911E-01  2.603730E-11
1.600000E-01  2.486899E-01  2.342289E-11
1.600000E-01  2.181432E-01  2.103476E-11
1.600000E-01  1.873813E-01  1.886256E-11
1.600000E-01  1.564345E-01  1.688336E-11
1.600000E-01  1.253332E-01  1.503199E-11
1.600000E-01  9.410831E-02  1.341732E-11
1.600000E-01  6.279052E-02  1.195984E-11
1.600000E-01  3.141076E-02  1.063652E-11
1.600000E-01  -1.271035E-15  9.466956E-12
1.800000E-01  1.000000E+00  4.388034E-10
1.800000E-01  9.995066E-01  4.383233E-10
1.800000E-01  9.980267E-01  4.360040E-10
1.800000E-01  9.955620E-01  4.327522E-10
1.800000E-01  9.921147E-01  4.283073E-10
1.800000E-01  9.876883E-01  4.223851E-10
1.800000E-01  9.822873E-01  4.150575E-10
1.800000E-01  9.759168E-01  3.984366E-10
1.800000E-01  9.685832E-01  3.979111E-10
1.800000E-01  9.602937E-01  3.878238E-10
1.800000E-01  9.510565E-01  3.765568E-10
1.800000E-01  9.408808E-01  3.631922E-10
1.800000E-01  9.297765E-01  3.518883E-10
1.800000E-01  9.177546E-01  3.387049E-10
1.800000E-01  9.048271E-01  3.150038E-10
1.800000E-01  8.910065E-01  3.004021E-10
1.800000E-01  8.763067E-01  2.959356E-10
1.800000E-01  8.607420E-01  2.814872E-10
1.800000E-01  8.443279E-01  2.667243E-10
1.800000E-01  8.270806E-01  2.517775E-10
1.800000E-01  8.090170E-01  2.371888E-10
1.800000E-01  7.901550E-01  2.226959E-10
1.800000E-01  7.705132E-01  2.084064E-10
1.800000E-01  7.501111E-01  1.944512E-10
1.800000E-01  7.289686E-01  1.808936E-10
1.800000E-01  7.071068E-01  1.677864E-10
1.800000E-01  6.845471E-01  1.551269E-10
1.800000E-01  6.613119E-01  1.429909E-10
1.800000E-01  6.374240E-01  1.314575E-10
1.800000E-01  6.129071E-01  1.204746E-10
1.800000E-01  5.877853E-01  1.100861E-10
1.800000E-01  5.620834E-01  1.000740E-10
1.800000E-01  5.358268E-01  9.109155E-11
1.800000E-01  5.090414E-01  8.275515E-11
1.800000E-01  4.817537E-01  7.495840E-11
1.800000E-01  4.539905E-01  6.753664E-11
1.800000E-01  4.257793E-01  6.043344E-11
1.800000E-01  3.971479E-01  5.417836E-11
1.800000E-01  3.681246E-01  4.842884E-11
1.800000E-01  3.387379E-01  4.319526E-11
1.800000E-01  3.090170E-01  3.842744E-11
1.800000E-01  2.789911E-01  3.410998E-11
1.800000E-01  2.486899E-01  3.020866E-11
1.800000E-01  2.181432E-01  2.670195E-11
1.800000E-01  1.873813E-01  2.355516E-11
1.800000E-01  1.564345E-01  2.073439E-11
1.800000E-01  1.253332E-01  1.822302E-11
1.800000E-01  9.410831E-02  1.598826E-11
1.800000E-01  6.279052E-02  1.400271E-11
1.800000E-01  3.141076E-02  1.224980E-11
1.800000E-01  -1.271035E-15  1.069670E-11
2.000000E-01  1.000000E+00  7.674086E-10
2.000000E-01  9.995066E-01  7.661678E-10
2.000000E-01  9.980267E-01  7.622229E-10
2.000000E-01  9.955620E-01  7.557079E-10
2.000000E-01  9.921147E-01  7.481636E-10
2.000000E-01  9.876883E-01  7.350974E-10
2.000000E-01  9.822873E-01  7.211523E-10
2.000000E-01  9.759168E-01  7.054102E-10
2.000000E-01  9.685832E-01  6.872666E-10
2.000000E-01  9.602937E-01  6.676701E-10
2.000000E-01  9.510565E-01  6.461284E-10
2.000000E-01  9.408808E-01  6.230958E-10
2.000000E-01  9.297765E-01  5.988954E-10
2.000000E-01  9.177546E-01  5.547655E-10
2.000000E-01  9.048271E-01  5.283040E-10
2.000000E-01  8.910065E-01  5.200275E-10
2.000000E-01  8.763067E-01  4.929333E-10
2.000000E-01  8.607420E-01  4.656296E-10
2.000000E-01  8.443279E-01  4.381596E-10
2.000000E-01  8.270806E-01  4.108613E-10
2.000000E-01  8.090170E-01  3.840075E-10
2.000000E-01  7.901550E-01  3.576112E-10
2.000000E-01  7.705132E-01  3.319561E-10
2.000000E-01  7.501111E-01  3.070425E-10
2.000000E-01  7.289686E-01  2.830847E-10
2.000000E-01  7.071068E-01  2.599667E-10
2.000000E-01  6.845471E-01  2.380111E-10
2.000000E-01  6.613119E-01  2.171739E-10
2.000000E-01  6.374240E-01  1.974840E-10
2.000000E-01  6.129071E-01  1.789779E-10
2.000000E-01  5.877853E-01  1.616523E-10
2.000000E-01  5.620834E-01  1.455183E-10
2.000000E-01  5.358268E-01  1.305500E-10
2.000000E-01  5.090414E-01  1.167134E-10
2.000000E-01  4.817537E-01  1.041461E-10
2.000000E-01  4.539905E-01  9.253398E-11
2.000000E-01  4.257793E-01  8.203385E-11
2.000000E-01  3.971479E-01  7.246782E-11
2.000000E-01  3.681246E-01  6.382563E-11
2.000000E-01  3.387379E-01  5.607814E-11
2.000000E-01  3.090170E-01  4.911324E-11
2.000000E-01  2.789911E-01  4.290644E-11
2.000000E-01  2.486899E-01  3.738841E-11
2.000000E-01  2.181432E-01  3.249861E-11
2.000000E-01  1.873813E-01  2.818085E-11
2.000000E-01  1.564345E-01  2.438396E-11
2.000000E-01  1.253332E-01  2.105807E-11
2.000000E-01  9.410831E-02  1.815831E-11
2.000000E-01  6.279052E-02  1.560359E-11
2.000000E-01  3.141076E-02  1.339778E-11
2.000000E-01  -1.271035E-15  1.148858E-11
2.200000E-01  1.000000E+00  1.295590E-09
2.200000E-01  9.995066E-01  1.293326E-09
2.200000E-01  9.980267E-01  1.285938E-09
2.200000E-01  9.955620E-01  1.271662E-09
2.200000E-01  9.921147E-01  1.256665E-09
2.200000E-01  9.876883E-01  1.235338E-09
2.200000E-01  9.822873E-01  1.209571E-09
2.200000E-01  9.759168E-01  1.179427E-09
2.200000E-01  9.685832E-01  1.146448E-09
2.200000E-01  9.602937E-01  1.109974E-09
2.200000E-01  9.510565E-01  1.070359E-09
2.200000E-01  9.408808E-01  1.028077E-09
2.200000E-01  9.297765E-01  9.507356E-10
2.200000E-01  9.177546E-01  9.363274E-10
2.200000E-01  9.048271E-01  8.889392E-10
2.200000E-01  8.910065E-01  8.406829E-10
2.200000E-01  8.763067E-01  7.918557E-10
2.200000E-01  8.607420E-01  7.425698E-10
2.200000E-01  8.443279E-01  6.939873E-10
2.200000E-01  8.270806E-01  6.465783E-10
2.200000E-01  8.090170E-01  5.996043E-10
2.200000E-01  7.901550E-01  5.538983E-10
2.200000E-01  7.705132E-01  5.101810E-10
2.200000E-01  7.501111E-01  4.677257E-10
2.200000E-01  7.289686E-01  4.272014E-10
2.200000E-01  7.071068E-01  3.886348E-10
2.200000E-01  6.845471E-01  3.521776E-10
2.200000E-01  6.613119E-01  3.177476E-10
2.200000E-01  6.374240E-01  2.858499E-10
2.200000E-01  6.129071E-01  2.560685E-10
2.200000E-01  5.877853E-01  2.286106E-10
2.200000E-01  5.620834E-01  2.032652E-10
2.200000E-01  5.358268E-01  1.801522E-10
2.200000E-01  5.090414E-01  1.588001E-10
2.200000E-01  4.817537E-01  1.397312E-10
2.200000E-01  4.539905E-01  1.225431E-10
2.200000E-01  4.257793E-01  1.070125E-10
2.200000E-01  3.971479E-01  9.315221E-11
2.200000E-01  3.681246E-01  8.080666E-11
2.200000E-01  3.387379E-01  6.986830E-11
2.200000E-01  3.090170E-01  6.022146E-11
2.200000E-01  2.789911E-01  5.174366E-11
2.200000E-01  2.486899E-01  4.433505E-11
2.200000E-01  2.181432E-01  3.787662E-11
2.200000E-01  1.873813E-01  3.226973E-11
2.200000E-01  1.564345E-01  2.742855E-11
2.200000E-01  1.253332E-01  2.325518E-11
2.200000E-01  9.410831E-02  1.966427E-11
2.200000E-01  6.279052E-02  1.660020E-11
2.200000E-01  3.141076E-02  1.398666E-11
2.200000E-01  -1.271035E-15  1.176205E-11
2.400000E-01  1.000000E+00  2.110594E-09
2.400000E-01  9.995066E-01  2.106111E-09
2.400000E-01  9.980267E-01  2.092616E-09
2.400000E-01  9.955620E-01  2.071117E-09
2.400000E-01  9.921147E-01  2.040912E-09
2.400000E-01  9.876883E-01  2.002988E-09
2.400000E-01  9.822873E-01  1.956852E-09
2.400000E-01  9.759168E-01  1.904017E-09
2.400000E-01  9.685832E-01  1.845544E-09
2.400000E-01  9.602937E-01  1.780390E-09
2.400000E-01  9.510565E-01  1.711362E-09
2.400000E-01  9.408808E-01  1.581960E-09
2.400000E-01  9.297765E-01  1.557990E-09
2.400000E-01  9.177546E-01  1.471107E-09
2.400000E-01  9.048271E-01  1.395749E-09
2.400000E-01  8.910065E-01  1.312504E-09
2.400000E-01  8.763067E-01  1.229106E-09
2.400000E-01  8.607420E-01  1.145145E-09
2.400000E-01  8.443279E-01  1.062436E-09
2.400000E-01  8.270806E-01  9.833591E-10
2.400000E-01  8.090170E-01  9.048822E-10
2.400000E-01  7.901550E-01  8.295213E-10
2.400000E-01  7.705132E-01  7.560836E-10
2.400000E-01  7.501111E-01  6.876541E-10
2.400000E-01  7.289686E-01  6.218186E-10
2.400000E-01  7.071068E-01  4.240341E-10
2.400000E-01  6.845471E-01  3.794331E-10
2.400000E-01  6.613119E-01  3.377208E-10
2.400000E-01  6.374240E-01  3.995165E-10
2.400000E-01  6.129071E-01  3.538092E-10
2.400000E-01  5.877853E-01  3.118509E-10
2.400000E-01  5.620834E-01  2.732611E-10
2.400000E-01  5.358268E-01  2.386911E-10
2.400000E-01  5.090414E-01  2.085376E-10
2.400000E-01  4.817537E-01  1.808454E-10
2.400000E-01  4.539905E-01  1.562749E-10
2.400000E-01  4.257793E-01  1.344862E-10
2.400000E-01  3.971479E-01  1.152616E-10
2.400000E-01  3.681246E-01  9.843502E-11
2.400000E-01  3.387379E-01  8.371676E-11
2.400000E-01  3.090170E-01  7.096279E-11
2.400000E-01  2.789911E-01  5.995082E-11
2.400000E-01  2.486899E-01  5.047072E-11
2.400000E-01  2.181432E-01  4.236174E-11
2.400000E-01  1.873813E-01  3.544796E-11
2.400000E-01  1.564345E-01  2.957145E-11
2.400000E-01  1.253332E-01  2.459781E-11
2.400000E-01  9.410831E-02  2.040842E-11
2.400000E-01  6.279052E-02  1.139679E-11
2.400000E-01  3.141076E-02  9.355797E-12
2.400000E-01  -1.271035E-15  1.149932E-11
2.600000E-01  1.000000E+00  3.316474E-09
2.600000E-01  9.995066E-01  3.308258E-09
2.600000E-01  9.980267E-01  3.280616E-09
2.600000E-01  9.955620E-01  3.249381E-09
2.600000E-01  9.921147E-01  3.199059E-09
2.600000E-01  9.876883E-01  3.130653E-09
2.600000E-01  9.822873E-01  3.057000E-09
2.600000E-01  9.759168E-01  2.968350E-09
2.600000E-01  9.685832E-01  2.870761E-09
2.600000E-01  9.602937E-01  2.759830E-09
2.600000E-01  9.510565E-01  2.554450E-09
2.600000E-01  9.408808E-01  2.427420E-09
2.600000E-01  9.297765E-01  2.387141E-09
2.600000E-01  9.177546E-01  2.252092E-09
2.600000E-01  9.048271E-01  2.116975E-09
2.600000E-01  8.910065E-01  1.980214E-09
2.600000E-01  8.763067E-01  1.843252E-09
2.600000E-01  8.607420E-01  1.703368E-09
2.600000E-01  8.443279E-01  1.575483E-09
2.600000E-01  8.270806E-01  1.111863E-09
2.600000E-01  8.090170E-01  1.016056E-09
2.600000E-01  7.901550E-01  1.199717E-09
2.600000E-01  7.705132E-01  1.086191E-09
2.600000E-01  7.501111E-01  9.751128E-10
2.600000E-01  7.289686E-01  8.744077E-10
2.600000E-01  7.071068E-01  7.802179E-10
2.600000E-01  6.845471E-01  6.950228E-10
2.600000E-01  6.613119E-01  6.131119E-10
2.600000E-01  6.374240E-01  5.388601E-10
2.600000E-01  6.129071E-01  4.719784E-10
2.600000E-01  5.877853E-01  4.112510E-10
2.600000E-01  5.620834E-01  3.563386E-10
2.600000E-01  5.358268E-01  3.074487E-10
2.600000E-01  5.090414E-01  2.641627E-10
2.600000E-01  4.817537E-01  2.258436E-10
2.600000E-01  4.539905E-01  1.923060E-10
2.600000E-01  4.257793E-01  1.629150E-10
2.600000E-01  3.971479E-01  1.374420E-10
2.600000E-01  3.681246E-01  1.154557E-10
2.600000E-01  3.387379E-01  9.661009E-11
2.600000E-01  3.090170E-01  8.052727E-11
2.600000E-01  2.789911E-01  6.682193E-11
2.600000E-01  2.486899E-01  5.525870E-11
2.600000E-01  2.181432E-01  4.553140E-11
2.600000E-01  1.873813E-01  3.739147E-11
2.600000E-01  1.564345E-01  3.059976E-11
2.600000E-01  1.253332E-01  2.496587E-11
2.600000E-01  9.410831E-02  2.031872E-11
2.600000E-01  6.279052E-02  1.647294E-11
2.600000E-01  3.141076E-02  1.332937E-11
2.600000E-01  -1.271035E-15  1.075371E-11
2.800000E-01  1.000000E+00  5.031100E-09
2.800000E-01  9.995066E-01  5.018597E-09
2.800000E-01  9.980267E-01  4.982934E-09
2.800000E-01  9.955620E-01  4.923173E-09
2.800000E-01  9.921147E-01  4.840398E-09
2.800000E-01  9.876883E-01  4.734843E-09
2.800000E-01  9.822873E-01  4.609457E-09
2.800000E-01  9.759168E-01  4.466757E-09
2.800000E-01  9.685832E-01  4.302886E-09
2.800000E-01  9.602937E-01  4.126863E-09
2.800000E-01  9.510565E-01  3.802135E-09
2.800000E-01  9.408808E-01  3.737651E-09
2.800000E-01  9.297765E-01  3.529916E-09
2.800000E-01  9.177546E-01  3.316358E-09
2.800000E-01  9.048271E-01  2.402878E-09
2.800000E-01  8.910065E-01  2.241719E-09
2.800000E-01  8.763067E-01  2.673081E-09
2.800000E-01  8.607420E-01  2.462674E-09
2.800000E-01  8.443279E-01  2.256065E-09
2.800000E-01  8.270806E-01  2.055917E-09
2.800000E-01  8.090170E-01  1.864703E-09
2.800000E-01  7.901550E-01  1.681336E-09
2.800000E-01  7.705132E-01  1.507606E-09
2.800000E-01  7.501111E-01  1.345392E-09
2.800000E-01  7.289686E-01  1.194401E-09
2.800000E-01  7.071068E-01  1.054776E-09
2.800000E-01  6.845471E-01  9.259799E-10
2.800000E-01  6.613119E-01  8.098208E-10
2.800000E-01  6.374240E-01  7.041029E-10
2.800000E-01  6.129071E-01  6.089588E-10
2.800000E-01  5.877853E-01  5.236734E-10
2.800000E-01  5.620834E-01  4.483347E-10
2.800000E-01  5.358268E-01  3.812656E-10
2.800000E-01  5.090414E-01  3.230312E-10
2.800000E-01  4.817537E-01  2.722969E-10
2.800000E-01  4.539905E-01  2.283632E-10
2.800000E-01  4.257793E-01  1.904390E-10
2.800000E-01  3.971479E-01  1.581303E-10
2.800000E-01  3.681246E-01  1.306606E-10
2.800000E-01  3.387379E-01  1.074827E-10
2.800000E-01  3.090170E-01  8.801579E-11
2.800000E-01  2.789911E-01  7.176032E-11
2.800000E-01  2.486899E-01  5.824741E-11
2.800000E-01  2.181432E-01  4.709691E-11
2.800000E-01  1.873813E-01  3.793092E-11
2.800000E-01  1.564345E-01  3.043429E-11
2.800000E-01  1.253332E-01  2.433105E-11
2.800000E-01  9.410831E-02  1.938820E-11
2.800000E-01  6.279052E-02  1.540668E-11
2.800000E-01  3.141076E-02  1.221287E-11
2.800000E-01  -1.271035E-15  9.653392E-12
3.000000E-01  1.000000E+00  7.367814E-09
3.000000E-01  9.995066E-01  7.355025E-09
3.000000E-01  9.980267E-01  7.297691E-09
3.000000E-01  9.955620E-01  7.207723E-09
3.000000E-01  9.921147E-01  7.079087E-09
3.000000E-01  9.876883E-01  6.915524E-09
3.000000E-01  9.822873E-01  6.721903E-09
3.000000E-01  9.759168E-01  6.495684E-09
3.000000E-01  9.685832E-01  6.239645E-09
3.000000E-01  9.602937E-01  5.972578E-09
3.000000E-01  9.510565E-01  5.475086E-09
3.000000E-01  9.408808E-01  4.167915E-09
3.000000E-01  9.297765E-01  5.053190E-09
3.000000E-01  9.177546E-01  4.728832E-09
3.000000E-01  9.048271E-01  4.401319E-09
3.000000E-01  8.910065E-01  4.058154E-09
3.000000E-01  8.763067E-01  3.757168E-09
3.000000E-01  8.607420E-01  3.437184E-09
3.000000E-01  8.443279E-01  3.126858E-09
3.000000E-01  8.270806E-01  2.830744E-09
3.000000E-01  8.090170E-01  2.547835E-09
3.000000E-01  7.901550E-01  2.278155E-09
3.000000E-01  7.705132E-01  2.026935E-09
3.000000E-01  7.501111E-01  1.793145E-09
3.000000E-01  7.289686E-01  1.576616E-09
3.000000E-01  7.071068E-01  1.378727E-09
3.000000E-01  6.845471E-01  1.198012E-09
3.000000E-01  6.613119E-01  1.035863E-09
3.000000E-01  6.374240E-01  8.901486E-10
3.000000E-01  6.129071E-01  7.606112E-10
3.000000E-01  5.877853E-01  6.457582E-10
3.000000E-01  5.620834E-01  5.452943E-10
3.000000E-01  5.358268E-01  4.577847E-10
3.000000E-01  5.090414E-01  3.822898E-10
3.000000E-01  4.817537E-01  3.174821E-10
3.000000E-01  4.539905E-01  2.621601E-10
3.000000E-01  4.257793E-01  2.153085E-10
3.000000E-01  3.971479E-01  1.758515E-10
3.000000E-01  3.681246E-01  1.428443E-10
3.000000E-01  3.387379E-01  1.154277E-10
3.000000E-01  3.090170E-01  9.282720E-11
3.000000E-01  2.789911E-01  7.429413E-11
3.000000E-01  2.486899E-01  5.917239E-11
3.000000E-01  2.181432E-01  4.692475E-11
3.000000E-01  1.873813E-01  3.704735E-11
3.000000E-01  1.564345E-01  2.912854E-11
3.000000E-01  1.253332E-01  2.280373E-11
3.000000E-01  9.410831E-02  1.783097E-11
3.000000E-01  6.279052E-02  1.384140E-11
3.000000E-01  3.141076E-02  1.072761E-11
3.000000E-01  -1.271035E-15  8.295629E-12
3.200000E-01  1.000000E+00  1.046729E-08
3.200000E-01  9.995066E-01  1.043483E-08
3.200000E-01  9.980267E-01  1.034767E-08
3.200000E-01  9.955620E-01  1.021198E-08
3.200000E-01  9.921147E-01  1.002336E-08
3.200000E-01  9.876883E-01  9.776019E-09
3.200000E-01  9.822873E-01  9.483699E-09
3.200000E-01  9.759168E-01  9.144258E-09
3.200000E-01  9.685832E-01  6.765158E-09
3.200000E-01  9.602937E-01  6.505590E-09
3.200000E-01  9.510565E-01  7.932736E-09
3.200000E-01  9.408808E-01  7.476783E-09
3.200000E-01  9.297765E-01  7.010409E-09
3.200000E-01  9.177546E-01  6.532652E-09
3.200000E-01  9.048271E-01  6.036962E-09
3.200000E-01  8.910065E-01  5.541638E-09
3.200000E-01  8.763067E-01  5.068834E-09
3.200000E-01  8.607420E-01  4.638536E-09
3.200000E-01  8.443279E-01  4.203349E-09
3.200000E-01  8.270806E-01  3.779035E-09
3.200000E-01  8.090170E-01  3.376660E-09
3.200000E-01  7.901550E-01  2.999116E-09
3.200000E-01  7.705132E-01  2.642023E-09
3.200000E-01  7.501111E-01  2.315929E-09
3.200000E-01  7.289686E-01  2.017896E-09
3.200000E-01  7.071068E-01  1.749136E-09
3.200000E-01  6.845471E-01  1.503373E-09
3.200000E-01  6.613119E-01  1.284880E-09
3.200000E-01  6.374240E-01  1.091016E-09
3.200000E-01  6.129071E-01  9.207584E-10
3.200000E-01  5.877853E-01  7.720124E-10
3.200000E-01  5.620834E-01  6.431974E-10
3.200000E-01  5.358268E-01  5.325629E-10
3.200000E-01  5.090414E-01  4.381918E-10
3.200000E-01  4.817537E-01  3.583381E-10
3.200000E-01  4.539905E-01  2.913144E-10
3.200000E-01  4.257793E-01  2.353229E-10
3.200000E-01  3.971479E-01  1.889763E-10
3.200000E-01  3.681246E-01  1.512987E-10
3.200000E-01  3.387379E-01  1.197302E-10
3.200000E-01  3.090170E-01  9.497123E-11
3.200000E-01  2.789911E-01  7.422349E-11
3.200000E-01  2.486899E-01  5.797552E-11
3.200000E-01  2.181432E-01  4.502364E-11
3.200000E-01  1.873813E-01  3.485632E-11
3.200000E-01  1.564345E-01  2.682834E-11
3.200000E-01  1.253332E-01  2.058282E-11
3.200000E-01  9.410831E-02  1.571100E-11
3.200000E-01  6.279052E-02  1.195013E-11
3.200000E-01  3.141076E-02  9.055297E-12
3.200000E-01  -1.271035E-15  6.840807E-12
3.400000E-01  1.000000E+00  1.439296E-08
3.400000E-01  9.995066E-01  1.434672E-08
3.400000E-01  9.980267E-01  1.423096E-08
3.400000E-01  9.955620E-01  1.402884E-08
3.400000E-01  9.921147E-01  1.374686E-08
3.400000E-01  9.876883E-01  1.339581E-08
3.400000E-01  9.822873E-01  9.938628E-09
3.400000E-01  9.759168E-01  1.248273E-08
3.400000E-01  9.685832E-01  1.194512E-08
3.400000E-01  9.602937E-01  1.096737E-08
3.400000E-01  9.510565E-01  1.074505E-08
3.400000E-01  9.408808E-01  1.010002E-08
3.400000E-01  9.297765E-01  9.433528E-09
3.400000E-01  9.177546E-01  8.755001E-09
3.400000E-01  9.048271E-01  8.073975E-09
3.400000E-01  8.910065E-01  7.368973E-09
3.400000E-01  8.763067E-01  6.718372E-09
3.400000E-01  8.607420E-01  6.079458E-09
3.400000E-01  8.443279E-01  5.467554E-09
3.400000E-01  8.270806E-01  4.879004E-09
3.400000E-01  8.090170E-01  4.343914E-09
3.400000E-01  7.901550E-01  3.829129E-09
3.400000E-01  7.705132E-01  3.350140E-09
3.400000E-01  7.501111E-01  2.914129E-09
3.400000E-01  7.289686E-01  2.511997E-09
3.400000E-01  7.071068E-01  2.150677E-09
3.400000E-01  6.845471E-01  1.832507E-09
3.400000E-01  6.613119E-01  1.548977E-09
3.400000E-01  6.374240E-01  1.300607E-09
3.400000E-01  6.129071E-01  1.084253E-09
3.400000E-01  5.877853E-01  8.979664E-10
3.400000E-01  5.620834E-01  7.387895E-10
3.400000E-01  5.358268E-01  6.033499E-10
3.400000E-01  5.090414E-01  4.892229E-10
3.400000E-01  4.817537E-01  3.939827E-10
3.400000E-01  4.539905E-01  3.135159E-10
3.400000E-01  4.257793E-01  2.504584E-10
3.400000E-01  3.971479E-01  1.978143E-10
3.400000E-01  3.681246E-01  1.551011E-10
3.400000E-01  3.387379E-01  1.208923E-10
3.400000E-01  3.090170E-01  9.362694E-11
3.400000E-01  2.789911E-01  7.159751E-11
3.400000E-01  2.486899E-01  5.481168E-11
3.400000E-01  2.181432E-01  4.173729E-11
3.400000E-01  1.873813E-01  3.160907E-11
3.400000E-01  1.564345E-01  2.381352E-11
3.400000E-01  1.253332E-01  1.785942E-11
3.400000E-01  9.410831E-02  1.333192E-11
3.400000E-01  6.279052E-02  9.908574E-12
3.400000E-01  3.141076E-02  7.390478E-12
3.400000E-01  -1.271035E-15  5.453066E-12
3.600000E-01  1.000000E+00  1.922635E-08
3.600000E-01  9.995066E-01  1.916762E-08
3.600000E-01  9.980267E-01  1.898432E-08
3.600000E-01  9.955620E-01  1.873387E-08
3.600000E-01  9.921147E-01  1.833077E-08
3.600000E-01  9.876883E-01  1.366441E-08
3.600000E-01  9.822873E-01  1.724259E-08
3.600000E-01  9.759168E-01  1.656578E-08
3.600000E-01  9.685832E-01  1.582278E-08
3.600000E-01  9.602937E-01  1.447727E-08
3.600000E-01  9.510565E-01  1.415662E-08
3.600000E-01  9.408808E-01  1.326226E-08
3.600000E-01  9.297765E-01  1.234032E-08
3.600000E-01  9.177546E-01  1.141117E-08
3.600000E-01  9.048271E-01  1.047923E-08
3.600000E-01  8.910065E-01  9.554391E-09
3.600000E-01  8.763067E-01  8.644017E-09
3.600000E-01  8.607420E-01  7.813113E-09
3.600000E-01  8.443279E-01  6.946934E-09
3.600000E-01  8.270806E-01  6.148010E-09
3.600000E-01  8.090170E-01  5.425782E-09
3.600000E-01  7.901550E-01  4.749349E-09
3.600000E-01  7.705132E-01  4.120033E-09
3.600000E-01  7.501111E-01  3.544679E-09
3.600000E-01  7.289686E-01  3.040130E-09
3.600000E-01  7.071068E-01  2.581842E-09
3.600000E-01  6.845471E-01  2.174056E-09
3.600000E-01  6.613119E-01  1.817455E-09
3.600000E-01  6.374240E-01  1.507451E-09
3.600000E-01  6.129071E-01  1.241125E-09
3.600000E-01  5.877853E-01  1.013901E-09
3.600000E-01  5.620834E-01  8.221213E-10
3.600000E-01  5.358268E-01  6.614361E-10
3.600000E-01  5.090414E-01  5.248302E-10
3.600000E-01  4.817537E-01  4.158443E-10
3.600000E-01  4.539905E-01  3.270760E-10
3.600000E-01  4.257793E-01  2.554610E-10
3.600000E-01  3.971479E-01  1.980510E-10
3.600000E-01  3.681246E-01  1.525438E-10
3.600000E-01  3.387379E-01  1.166183E-10
3.600000E-01  3.090170E-01  8.855919E-11
3.600000E-01  2.789911E-01  6.683006E-11
3.600000E-01  2.486899E-01  5.011381E-11
3.600000E-01  2.181432E-01  3.734962E-11
3.600000E-01  1.873813E-01  2.767427E-11
3.600000E-01  1.564345E-01  2.039159E-11
3.600000E-01  1.253332E-01  1.494664E-11
3.600000E-01  9.410831E-02  1.089351E-11
3.600000E-01  6.279052E-02  7.913380E-12
3.600000E-01  3.141076E-02  5.719734E-12
3.600000E-01  -1.271035E-15  4.117899E-12
3.800000E-01  1.000000E+00  2.502686E-08
3.800000E-01  9.995066E-01  2.494906E-08
3.800000E-01  9.980267E-01  2.471775E-08
3.800000E-01  9.955620E-01  1.825889E-08
3.800000E-01  9.921147E-01  2.380727E-08
3.800000E-01  9.876883E-01  2.312632E-08
3.800000E-01  9.822873E-01  2.232565E-08
3.800000E-01  9.759168E-01  2.141705E-08
3.800000E-01  9.685832E-01  2.043094E-08
3.800000E-01  9.602937E-01  1.932357E-08
3.800000E-01  9.510565E-01  1.816703E-08
3.800000E-01  9.408808E-01  1.697021E-08
3.800000E-01  9.297765E-01  1.573131E-08
3.800000E-01  9.177546E-01  1.448699E-08
3.800000E-01  9.048271E-01  1.325348E-08
3.800000E-01  8.910065E-01  1.203241E-08
3.800000E-01  8.763067E-01  1.084762E-08
3.800000E-01  8.607420E-01  9.703634E-09
3.800000E-01  8.443279E-01  8.617783E-09
3.800000E-01  8.270806E-01  7.574208E-09
3.800000E-01  8.090170E-01  6.606505E-09
3.800000E-01  7.901550E-01  5.746472E-09
3.800000E-01  7.705132E-01  4.947426E-09
3.800000E-01  7.501111E-01  4.225628E-09
3.800000E-01  7.289686E-01  3.580277E-09
3.800000E-01  7.071068E-01  3.008805E-09
3.800000E-01  6.845471E-01  2.508025E-09
3.800000E-01  6.613119E-01  2.073215E-09
3.800000E-01  6.374240E-01  1.698239E-09
3.800000E-01  6.129071E-01  1.371315E-09
3.800000E-01  5.877853E-01  1.106107E-09
3.800000E-01  5.620834E-01  8.856335E-10
3.800000E-01  5.358268E-01  7.001674E-10
3.800000E-01  5.090414E-01  5.501673E-10
3.800000E-01  4.817537E-01  4.289370E-10
3.800000E-01  4.539905E-01  3.316582E-10
3.800000E-01  4.257793E-01  2.545736E-10
3.800000E-01  3.971479E-01  1.940493E-10
3.800000E-01  3.681246E-01  1.463521E-10
3.800000E-01  3.387379E-01  1.096868E-10
3.800000E-01  3.090170E-01  8.168851E-11
3.800000E-01  2.789911E-01  6.032444E-11
3.800000E-01  2.486899E-01  4.430731E-11
3.800000E-01  2.181432E-01  3.230320E-11
3.800000E-01  1.873813E-01  2.339840E-11
3.800000E-01  1.564345E-01  1.685007E-11
3.800000E-01  1.253332E-01  1.206407E-11
3.800000E-01  9.410831E-02  8.601660E-12
3.800000E-01  6.279052E-02  6.083869E-12
3.800000E-01  3.141076E-02  4.290072E-12
3.800000E-01  -1.271035E-15  3.005732E-12
4.000000E-01  1.000000E+00  3.181393E-08
4.000000E-01  9.995066E-01  3.174224E-08
4.000000E-01  9.980267E-01  2.330779E-08
4.000000E-01  9.955620E-01  3.083378E-08
4.000000E-01  9.921147E-01  3.017876E-08
4.000000E-01  9.876883E-01  2.928997E-08
4.000000E-01  9.822873E-01  2.823832E-08
4.000000E-01  9.759168E-01  2.704393E-08
4.000000E-01  9.685832E-01  2.572011E-08
4.000000E-01  9.602937E-01  2.429170E-08
4.000000E-01  9.510565E-01  2.277761E-08
4.000000E-01  9.408808E-01  2.124589E-08
4.000000E-01  9.297765E-01  1.959793E-08
4.000000E-01  9.177546E-01  1.798274E-08
4.000000E-01  9.048271E-01  1.637849E-08
4.000000E-01  8.910065E-01  1.479814E-08
4.000000E-01  8.763067E-01  1.326888E-08
4.000000E-01  8.607420E-01  1.182649E-08
4.000000E-01  8.443279E-01  1.041575E-08
4.000000E-01  8.270806E-01  9.129800E-09
4.000000E-01  8.090170E-01  7.913952E-09
4.000000E-01  7.901550E-01  6.807882E-09
4.000000E-01  7.705132E-01  5.807106E-09
4.000000E-01  7.501111E-01  4.913318E-09
4.000000E-01  7.289686E-01  4.121397E-09
4.000000E-01  7.071068E-01  3.425622E-09
4.000000E-01  6.845471E-01  2.822923E-09
4.000000E-01  6.613119E-01  2.306087E-09
4.000000E-01  6.374240E-01  1.855454E-09
4.000000E-01  6.129071E-01  1.486791E-09
4.000000E-01  5.877853E-01  1.180921E-09
4.000000E-01  5.620834E-01  9.300877E-10
4.000000E-01  5.358268E-01  7.259744E-10
4.000000E-01  5.090414E-01  5.614881E-10
4.000000E-01  4.817537E-01  4.305848E-10
4.000000E-01  4.539905E-01  3.269709E-10
4.000000E-01  4.257793E-01  2.464661E-10
4.000000E-01  3.971479E-01  1.840778E-10
4.000000E-01  3.681246E-01  1.363135E-10
4.000000E-01  3.387379E-01  1.001649E-10
4.000000E-01  3.090170E-01  7.299732E-11
4.000000E-01  2.789911E-01  5.280372E-11
4.000000E-01  2.486899E-01  3.791142E-11
4.000000E-01  2.181432E-01  2.702053E-11
4.000000E-01  1.873813E-01  1.912557E-11
4.000000E-01  1.564345E-01  1.345227E-11
4.000000E-01  1.253332E-01  9.399907E-12
4.000000E-01  9.410831E-02  6.529103E-12
4.000000E-01  6.279052E-02  4.507748E-12
4.000000E-01  3.141076E-02  3.098232E-12
4.000000E-01  -1.271035E-15  2.119962E-12
4.200000E-01  1.000000E+00  3.958779E-08
4.200000E-01  9.995066E-01  2.882536E-08
4.200000E-01  9.980267E-01  3.905710E-08
4.200000E-01  9.955620E-01  3.840545E-08
4.200000E-01  9.921147E-01  3.748318E-08
4.200000E-01  9.876883E-01  3.634418E-08
4.200000E-01  9.822873E-01  3.497619E-08
4.200000E-01  9.759168E-01  3.344231E-08
4.200000E-01  9.685832E-01  3.064353E-08
4.200000E-01  9.602937E-01  2.990370E-08
4.200000E-01  9.510565E-01  2.796702E-08
4.200000E-01  9.408808E-01  2.596059E-08
4.200000E-01  9.297765E-01  2.393093E-08
4.200000E-01  9.177546E-01  2.182888E-08
4.200000E-01  9.048271E-01  1.981337E-08
4.200000E-01  8.910065E-01  1.782361E-08
4.200000E-01  8.763067E-01  1.589860E-08
4.200000E-01  8.607420E-01  1.406205E-08
4.200000E-01  8.443279E-01  1.233203E-08
4.200000E-01  8.270806E-01  1.071868E-08
4.200000E-01  8.090170E-01  9.232322E-09
4.200000E-01  7.901550E-01  7.888678E-09
4.200000E-01  7.705132E-01  6.667184E-09
4.200000E-01  7.501111E-01  5.585778E-09
4.200000E-01  7.289686E-01  4.642076E-09
4.200000E-01  7.071068E-01  3.814964E-09
4.200000E-01  6.845471E-01  3.108273E-09
4.200000E-01  6.613119E-01  2.523898E-09
4.200000E-01  6.374240E-01  1.989737E-09
4.200000E-01  6.129071E-01  1.573485E-09
4.200000E-01  5.877853E-01  1.232346E-09
4.200000E-01  5.620834E-01  9.557188E-10
4.200000E-01  5.358268E-01  7.341756E-10
4.200000E-01  5.090414E-01  5.585431E-10
4.200000E-01  4.817537E-01  4.207553E-10
4.200000E-01  4.539905E-01  3.140091E-10
4.200000E-01  4.257793E-01  2.321748E-10
4.200000E-01  3.971479E-01  1.700759E-10
4.200000E-01  3.681246E-01  1.234619E-10
4.200000E-01  3.387379E-01  8.879949E-11
4.200000E-01  3.090170E-01  6.335658E-11
4.200000E-01  2.789911E-01  4.481763E-11
4.200000E-01  2.486899E-01  3.144925E-11
4.200000E-01  2.181432E-01  2.190559E-11
4.200000E-01  1.873813E-01  1.513295E-11
4.200000E-01  1.564345E-01  1.038201E-11
4.200000E-01  1.253332E-01  7.074950E-12
4.200000E-01  9.410831E-02  4.789891E-12
4.200000E-01  6.279052E-02  3.224416E-12
4.200000E-01  3.141076E-02  2.156915E-12
4.200000E-01  -1.271035E-15  1.437092E-12
4.400000E-01  1.000000E+00  3.463295E-08
4.400000E-01  9.995066E-01  4.828168E-08
4.400000E-01  9.980267E-01  4.777939E-08
4.400000E-01  9.955620E-01  4.693060E-08
4.400000E-01  9.921147E-01  4.578420E-08
4.400000E-01  9.876883E-01  4.432421E-08
4.400000E-01  9.822873E-01  4.261392E-08
4.400000E-01  9.759168E-01  4.066796E-08
4.400000E-01  9.685832E-01  3.717065E-08
4.400000E-01  9.602937E-01  3.618897E-08
4.400000E-01  9.510565E-01  3.376634E-08
4.400000E-01  9.408808E-01  3.124461E-08
4.400000E-01  9.297765E-01  2.868139E-08
4.400000E-01  9.177546E-01  2.609655E-08
4.400000E-01  9.048271E-01  2.357066E-08
4.400000E-01  8.910065E-01  2.109469E-08
4.400000E-01  8.763067E-01  1.871828E-08
4.400000E-01  8.607420E-01  1.646079E-08
4.400000E-01  8.443279E-01  1.433785E-08
4.400000E-01  8.270806E-01  1.237661E-08
4.400000E-01  8.090170E-01  1.058139E-08
4.400000E-01  7.901550E-01  8.954704E-09
4.400000E-01  7.705132E-01  7.508405E-09
4.400000E-01  7.501111E-01  6.232356E-09
4.400000E-01  7.289686E-01  5.121887E-09
4.400000E-01  7.071068E-01  4.142117E-09
4.400000E-01  6.845471E-01  3.331666E-09
4.400000E-01  6.613119E-01  2.653179E-09
4.400000E-01  6.374240E-01  2.091938E-09
4.400000E-01  6.129071E-01  1.492629E-09
4.400000E-01  5.877853E-01  1.141199E-09
4.400000E-01  5.620834E-01  9.607667E-10
4.400000E-01  5.358268E-01  7.259594E-10
4.400000E-01  5.090414E-01  5.428937E-10
4.400000E-01  4.817537E-01  4.016253E-10
4.400000E-01  4.539905E-01  2.942608E-10
4.400000E-01  4.257793E-01  2.134033E-10
4.400000E-01  3.971479E-01  1.531866E-10
4.400000E-01  3.681246E-01  1.088990E-10
4.400000E-01  3.387379E-01  7.665950E-11
4.400000E-01  3.090170E-01  5.348103E-11
4.400000E-01  2.789911E-01  3.697897E-11
4.400000E-01  2.486899E-01  2.534230E-11
4.400000E-01  2.181432E-01  1.722058E-11
4.400000E-01  1.873813E-01  9.607284E-12
4.400000E-01  1.564345E-01  6.411845E-12
4.400000E-01  1.253332E-01  5.156773E-12
4.400000E-01  9.410831E-02  3.400049E-12
4.400000E-01  6.279052E-02  2.228369E-12
4.400000E-01  3.141076E-02  1.450647E-12
4.400000E-01  -1.271035E-15  9.403739E-13
4.600000E-01  1.000000E+00  5.855013E-08
4.600000E-01  9.995066E-01  5.839735E-08
4.600000E-01  9.980267E-01  5.779020E-08
4.600000E-01  9.955620E-01  5.673275E-08
4.600000E-01  9.921147E-01  5.528994E-08
4.600000E-01  9.876883E-01  5.346342E-08
4.600000E-01  9.822873E-01  5.133053E-08
4.600000E-01  9.759168E-01  4.888507E-08
4.600000E-01  9.685832E-01  4.458227E-08
4.600000E-01  9.602937E-01  4.332043E-08
4.600000E-01  9.510565E-01  4.029636E-08
4.600000E-01  9.408808E-01  3.714694E-08
4.600000E-01  9.297765E-01  3.398525E-08
4.600000E-01  9.177546E-01  3.081319E-08
4.600000E-01  9.048271E-01  2.769201E-08
4.600000E-01  8.910065E-01  2.466224E-08
4.600000E-01  8.763067E-01  2.175754E-08
4.600000E-01  8.607420E-01  1.901053E-08
4.600000E-01  8.443279E-01  1.645675E-08
4.600000E-01  8.270806E-01  1.409469E-08
4.600000E-01  8.090170E-01  1.195210E-08
4.600000E-01  7.901550E-01  1.003615E-08
4.600000E-01  7.705132E-01  8.296181E-09
4.600000E-01  7.501111E-01  6.821268E-09
4.600000E-01  7.289686E-01  5.537163E-09
4.600000E-01  7.071068E-01  4.151121E-09
4.600000E-01  6.845471E-01  3.504840E-09
4.600000E-01  6.613119E-01  2.780304E-09
4.600000E-01  6.374240E-01  2.157034E-09
4.600000E-01  6.129071E-01  1.660335E-09
4.600000E-01  5.877853E-01  1.261605E-09
4.600000E-01  5.620834E-01  9.477786E-10
4.600000E-01  5.358268E-01  7.040743E-10
4.600000E-01  5.090414E-01  5.171684E-10
4.600000E-01  4.817537E-01  3.758404E-10
4.600000E-01  4.539905E-01  2.699528E-10
4.600000E-01  4.257793E-01  1.918566E-10
4.600000E-01  3.971479E-01  1.348767E-10
4.600000E-01  3.681246E-01  9.381999E-11
4.600000E-01  3.387379E-01  6.455618E-11
4.600000E-01  3.090170E-01  4.403272E-11
4.600000E-01  2.789911E-01  2.973497E-11
4.600000E-01  2.486899E-01  1.988723E-11
4.600000E-01  2.181432E-01  1.318011E-11
4.600000E-01  1.873813E-01  8.661920E-12
4.600000E-01  1.564345E-01  5.644418E-12
4.600000E-01  1.253332E-01  3.649565E-12
4.600000E-01  9.410831E-02  2.343229E-12
4.600000E-01  6.279052E-02  1.493175E-12
4.600000E-01  3.141076E-02  7.547747E-13
4.600000E-01  -1.271035E-15  5.956054E-13
4.800000E-01  1.000000E+00  7.095364E-08
4.800000E-01  9.995066E-01  7.062838E-08
4.800000E-01  9.980267E-01  6.986041E-08
4.800000E-01  9.955620E-01  6.854556E-08
4.800000E-01  9.921147E-01  6.671684E-08
4.800000E-01  9.876883E-01  6.444477E-08
4.800000E-01  9.822873E-01  6.173743E-08
4.800000E-01  9.759168E-01  5.872402E-08
4.800000E-01  9.685832E-01  5.331389E-08
4.800000E-01  9.602937E-01  5.175999E-08
4.800000E-01  9.510565E-01  4.798399E-08
4.800000E-01  9.408808E-01  4.412530E-08
4.800000E-01  9.297765E-01  4.018857E-08
4.800000E-01  9.177546E-01  3.628241E-08
4.800000E-01  9.048271E-01  3.243764E-08
4.800000E-01  8.910065E-01  2.866120E-08
4.800000E-01  8.763067E-01  2.521404E-08
4.800000E-01  8.607420E-01  2.183942E-08
4.800000E-01  8.443279E-01  1.879643E-08
4.800000E-01  8.270806E-01  1.598515E-08
4.800000E-01  8.090170E-01  1.340833E-08
4.800000E-01  7.901550E-01  1.115328E-08
4.800000E-01  7.705132E-01  9.147496E-09
4.800000E-01  7.501111E-01  7.430002E-09
4.800000E-01  7.289686E-01  5.969781E-09
4.800000E-01  7.071068E-01  4.741287E-09
4.800000E-01  6.845471E-01  3.720468E-09
4.800000E-01  6.613119E-01  2.884643E-09
4.800000E-01  6.374240E-01  2.210253E-09
4.800000E-01  6.129071E-01  1.672846E-09
4.800000E-01  5.877853E-01  1.251154E-09
4.800000E-01  5.620834E-01  9.241973E-10
4.800000E-01  5.358268E-01  6.745521E-10
4.800000E-01  5.090414E-01  4.864311E-10
4.800000E-01  4.817537E-01  3.465705E-10
4.800000E-01  4.539905E-01  2.440438E-10
4.800000E-01  4.257793E-01  1.698409E-10
4.800000E-01  3.971479E-01  1.168627E-10
4.800000E-01  3.681246E-01  7.953213E-11
4.800000E-01  3.387379E-01  5.348997E-11
4.800000E-01  3.090170E-01  3.561463E-11
4.800000E-01  2.789911E-01  2.346527E-11
4.800000E-01  2.486899E-01  1.530506E-11
4.800000E-01  2.181432E-01  9.886289E-12
4.800000E-01  1.873813E-01  6.328996E-12
4.800000E-01  1.564345E-01  4.018071E-12
4.800000E-01  1.253332E-01  2.528240E-12
4.800000E-01  9.410831E-02  1.577731E-12
4.800000E-01  6.279052E-02  9.780299E-13
4.800000E-01  3.141076E-02  6.014990E-13
4.800000E-01  -1.271035E-15  3.682607E-13
5.000000E-01  1.000000E+00  8.699451E-08
5.000000E-01  9.995066E-01  8.672275E-08
5.000000E-01  9.980267E-01  8.568715E-08
5.000000E-01  9.955620E-01  8.394944E-08
5.000000E-01  9.921147E-01  8.169215E-08
5.000000E-01  9.876883E-01  7.882783E-08
5.000000E-01  9.822873E-01  7.523324E-08
5.000000E-01  9.759168E-01  7.146731E-08
5.000000E-01  9.685832E-01  6.714907E-08
5.000000E-01  9.602937E-01  6.263144E-08
5.000000E-01  9.510565E-01  5.773371E-08
5.000000E-01  9.408808E-01  5.301529E-08
5.000000E-01  9.297765E-01  4.797610E-08
5.000000E-01  9.177546E-01  4.309052E-08
5.000000E-01  9.048271E-01  3.833379E-08
5.000000E-01  8.910065E-01  3.379489E-08
5.000000E-01  8.763067E-01  2.938588E-08
5.000000E-01  8.607420E-01  2.528840E-08
5.000000E-01  8.443279E-01  2.157168E-08
5.000000E-01  8.270806E-01  1.822387E-08
5.000000E-01  8.090170E-01  1.513633E-08
5.000000E-01  7.901550E-01  1.248048E-08
5.000000E-01  7.705132E-01  1.015029E-08
5.000000E-01  7.501111E-01  8.150318E-09
5.000000E-01  7.289686E-01  6.471560E-09
5.000000E-01  7.071068E-01  5.066865E-09
5.000000E-01  6.845471E-01  3.924582E-09
5.000000E-01  6.613119E-01  3.001811E-09
5.000000E-01  6.374240E-01  2.263926E-09
5.000000E-01  6.129071E-01  1.695111E-09
5.000000E-01  5.877853E-01  1.240052E-09
5.000000E-01  5.620834E-01  9.003161E-10
5.000000E-01  5.358268E-01  6.452758E-10
5.000000E-01  5.090414E-01  4.570998E-10
5.000000E-01  4.817537E-01  3.188345E-10
5.000000E-01  4.539905E-01  2.200635E-10
5.000000E-01  4.257793E-01  1.498720E-10
5.000000E-01  3.971479E-01  1.008907E-10
5.000000E-01  3.681246E-01  6.712554E-11
5.000000E-01  3.387379E-01  4.404559E-11
5.000000E-01  3.090170E-01  2.862887E-11
5.000000E-01  2.789911E-01  1.837622E-11
5.000000E-01  2.486899E-01  1.170347E-11
5.000000E-01  2.181432E-01  7.373362E-12
5.000000E-01  1.873813E-01  4.593624E-12
5.000000E-01  1.564345E-01  2.837558E-12
5.000000E-01  1.253332E-01  1.738540E-12
5.000000E-01  9.410831E-02  1.052545E-12
5.000000E-01  6.279052E-02  6.340298E-13
5.000000E-01  3.141076E-02  3.783349E-13
5.000000E-01  -1.271035E-15  2.253312E-13
5.200000E-01  1.000000E+00  1.060478E-07
5.200000E-01  9.995066E-01  1.075103E-07
5.200000E-01  9.980267E-01  1.057832E-07
5.200000E-01  9.955620E-01  1.035367E-07
5.200000E-01  9.921147E-01  1.000388E-07
5.200000E-01  9.876883E-01  9.670644E-08
5.200000E-01  9.822873E-01  9.192381E-08
5.200000E-01  9.759168E-01  8.632405E-08
5.200000E-01  9.685832E-01  8.184261E-08
5.200000E-01  9.602937E-01  7.600428E-08
5.200000E-01  9.510565E-01  7.025029E-08
5.200000E-01  9.408808E-01  6.406399E-08
5.200000E-01  9.297765E-01  5.771648E-08
5.200000E-01  9.177546E-01  5.165597E-08
5.200000E-01  9.048271E-01  4.537294E-08
5.200000E-01  8.910065E-01  3.973112E-08
5.200000E-01  8.763067E-01  3.429373E-08
5.200000E-01  8.607420E-01  2.946402E-08
5.200000E-01  8.443279E-01  2.482679E-08
5.200000E-01  8.270806E-01  2.105319E-08
5.200000E-01  8.090170E-01  1.718587E-08
5.200000E-01  7.901550E-01  1.402045E-08
5.200000E-01  7.705132E-01  1.135317E-08
5.200000E-01  7.501111E-01  8.933431E-09
5.200000E-01  7.289686E-01  7.020691E-09
5.200000E-01  7.071068E-01  5.433796E-09
5.200000E-01  6.845471E-01  4.135842E-09
5.200000E-01  6.613119E-01  3.359220E-09
5.200000E-01  6.374240E-01  2.310338E-09
5.200000E-01  6.129071E-01  1.698578E-09
5.200000E-01  5.877853E-01  1.272898E-09
5.200000E-01  5.620834E-01  8.690685E-10
5.200000E-01  5.358268E-01  6.147814E-10
5.200000E-01  5.090414E-01  4.307553E-10
5.200000E-01  4.817537E-01  2.916765E-10
5.200000E-01  4.539905E-01  1.963239E-10
5.200000E-01  4.257793E-01  1.307064E-10
5.200000E-01  3.971479E-01  8.636779E-11
5.200000E-01  3.681246E-01  5.637095E-11
5.200000E-01  3.387379E-01  3.609611E-11
5.200000E-01  3.090170E-01  2.271401E-11
5.200000E-01  2.789911E-01  1.426368E-11
5.200000E-01  2.486899E-01  8.829128E-12
5.200000E-01  2.181432E-01  5.417865E-12
5.200000E-01  1.873813E-01  3.287661E-12
5.200000E-01  1.564345E-01  1.999384E-12
5.200000E-01  1.253332E-01  1.179127E-12
5.200000E-01  9.410831E-02  6.959967E-13
5.200000E-01  6.279052E-02  4.057918E-13
5.200000E-01  3.141076E-02  2.324642E-13
5.200000E-01  -1.271035E-15  1.356155E-13
5.400000E-01  1.000000E+00  1.287932E-07
5.400000E-01  9.995066E-01  1.273131E-07
5.400000E-01  9.980267E-01  1.256859E-07
5.400000E-01  9.955620E-01  1.237932E-07
5.400000E-01  9.921147E-01  1.197664E-07
5.400000E-01  9.876883E-01  1.133537E-07
5.400000E-01  9.822873E-01  1.096973E-07
5.400000E-01  9.759168E-01  1.042709E-07
5.400000E-01  9.685832E-01  9.726114E-08
5.400000E-01  9.602937E-01  8.944321E-08
5.400000E-01  9.510565E-01  8.249539E-08
5.400000E-01  9.408808E-01  7.509608E-08
5.400000E-01  9.297765E-01  6.887354E-08
5.400000E-01  9.177546E-01  6.027798E-08
5.400000E-01  9.048271E-01  5.378839E-08
5.400000E-01  8.910065E-01  4.658836E-08
5.400000E-01  8.763067E-01  4.024332E-08
5.400000E-01  8.607420E-01  3.343032E-08
5.400000E-01  8.443279E-01  2.823471E-08
5.400000E-01  8.270806E-01  2.337024E-08
5.400000E-01  8.090170E-01  1.911552E-08
5.400000E-01  7.901550E-01  1.540843E-08
5.400000E-01  7.705132E-01  1.227730E-08
5.400000E-01  7.501111E-01  9.512887E-09
5.400000E-01  7.289686E-01  7.456789E-09
5.400000E-01  7.071068E-01  5.625801E-09
5.400000E-01  6.845471E-01  4.286788E-09
5.400000E-01  6.613119E-01  3.175002E-09
5.400000E-01  6.374240E-01  2.300420E-09
5.400000E-01  6.129071E-01  1.665147E-09
5.400000E-01  5.877853E-01  1.170268E-09
5.400000E-01  5.620834E-01  8.252401E-10
5.400000E-01  5.358268E-01  5.684137E-10
5.400000E-01  5.090414E-01  4.214709E-10
5.400000E-01  4.817537E-01  2.585243E-10
5.400000E-01  4.539905E-01  1.717797E-10
5.400000E-01  4.257793E-01  1.116248E-10
5.400000E-01  3.971479E-01  7.152577E-11
5.400000E-01  3.681246E-01  4.483453E-11
5.400000E-01  3.387379E-01  2.820691E-11
5.400000E-01  3.090170E-01  1.740742E-11
5.400000E-01  2.789911E-01  1.063365E-11
5.400000E-01  2.486899E-01  6.356011E-12
5.400000E-01  2.181432E-01  3.827398E-12
5.400000E-01  1.873813E-01  2.234351E-12
5.400000E-01  1.564345E-01  1.317971E-12
5.400000E-01  1.253332E-01  7.448265E-13
5.400000E-01  9.410831E-02  4.367249E-13
5.400000E-01  6.279052E-02  2.396278E-13
5.400000E-01  3.141076E-02  1.347066E-13
5.400000E-01  -1.271035E-15  7.693325E-14
5.600000E-01  1.000000E+00  1.498094E-07
5.600000E-01  9.995066E-01  1.449288E-07
5.600000E-01  9.980267E-01  1.449407E-07
5.600000E-01  9.955620E-01  1.399951E-07
5.600000E-01  9.921147E-01  1.320415E-07
5.600000E-01  9.876883E-01  1.537839E-07
5.600000E-01  9.822873E-01  1.248757E-07
5.600000E-01  9.759168E-01  1.233035E-07
5.600000E-01  9.685832E-01  1.084607E-07
5.600000E-01  9.602937E-01  1.013823E-07
5.600000E-01  9.510565E-01  9.246788E-08
5.600000E-01  9.408808E-01  8.392714E-08
5.600000E-01  9.297765E-01  7.457357E-08
5.600000E-01  9.177546E-01  6.571395E-08
5.600000E-01  9.048271E-01  5.830851E-08
5.600000E-01  8.910065E-01  4.956776E-08
5.600000E-01  8.763067E-01  4.101911E-08
5.600000E-01  8.607420E-01  3.504348E-08
5.600000E-01  8.443279E-01  2.952303E-08
5.600000E-01  8.270806E-01  2.523112E-08
5.600000E-01  8.090170E-01  1.991435E-08
5.600000E-01  7.901550E-01  1.517145E-08
5.600000E-01  7.705132E-01  1.331977E-08
5.600000E-01  7.501111E-01  1.006496E-08
5.600000E-01  7.289686E-01  7.707242E-09
5.600000E-01  7.071068E-01  5.410249E-09
5.600000E-01  6.845471E-01  4.284747E-09
5.600000E-01  6.613119E-01  3.142284E-09
5.600000E-01  6.374240E-01  2.159224E-09
5.600000E-01  6.129071E-01  1.602150E-09
5.600000E-01  5.877853E-01  1.117721E-09
5.600000E-01  5.620834E-01  7.496631E-10
5.600000E-01  5.358268E-01  5.071627E-10
5.600000E-01  5.090414E-01  3.386187E-10
5.600000E-01  4.817537E-01  2.139123E-10
5.600000E-01  4.539905E-01  1.380931E-10
5.600000E-01  4.257793E-01  9.052658E-11
5.600000E-01  3.971479E-01  5.619320E-11
5.600000E-01  3.681246E-01  3.428378E-11
5.600000E-01  3.387379E-01  2.069284E-11
5.600000E-01  3.090170E-01  1.230559E-11
5.600000E-01  2.789911E-01  7.231243E-12
5.600000E-01  2.486899E-01  4.335615E-12
5.600000E-01  2.181432E-01  2.469355E-12
5.600000E-01  1.873813E-01  1.443318E-12
5.600000E-01  1.564345E-01  8.232250E-13
5.600000E-01  1.253332E-01  4.618837E-13
5.600000E-01  9.410831E-02  2.505969E-13
5.600000E-01  6.279052E-02  1.293967E-13
5.600000E-01  3.141076E-02  7.286844E-14
5.600000E-01  -1.271035E-15  3.925646E-14
5.800000E-01  1.000000E+00  1.500784E-07
5.800000E-01  9.995066E-01  1.478895E-07
5.800000E-01  9.980267E-01  1.497239E-07
5.800000E-01  9.955620E-01  1.449426E-07
5.800000E-01  9.921147E-01  1.586331E-07
5.800000E-01  9.876883E-01  1.327567E-07
5.800000E-01  9.822873E-01  1.298094E-07
5.800000E-01  9.759168E-01  1.202395E-07
5.800000E-01  9.685832E-01  1.093887E-07
5.800000E-01  9.602937E-01  9.857053E-08
5.800000E-01  9.510565E-01  9.630213E-08
5.800000E-01  9.408808E-01  8.727957E-08
5.800000E-01  9.297765E-01  7.751795E-08
5.800000E-01  9.177546E-01  6.871531E-08
5.800000E-01  9.048271E-01  5.765132E-08
5.800000E-01  8.910065E-01  5.262371E-08
5.800000E-01  8.763067E-01  4.449300E-08
5.800000E-01  8.607420E-01  3.668878E-08
5.800000E-01  8.443279E-01  3.067528E-08
5.800000E-01  8.270806E-01  2.355102E-08
5.800000E-01  8.090170E-01  2.047153E-08
5.800000E-01  7.901550E-01  1.601419E-08
5.800000E-01  7.705132E-01  1.258987E-08
5.800000E-01  7.501111E-01  9.486895E-09
5.800000E-01  7.289686E-01  7.012714E-09
5.800000E-01  7.071068E-01  5.309276E-09
5.800000E-01  6.845471E-01  3.884352E-09
5.800000E-01  6.613119E-01  2.804137E-09
5.800000E-01  6.374240E-01  1.870451E-09
5.800000E-01  6.129071E-01  1.388327E-09
5.800000E-01  5.877853E-01  9.262316E-10
5.800000E-01  5.620834E-01  6.309987E-10
5.800000E-01  5.358268E-01  4.215853E-10
5.800000E-01  5.090414E-01  2.591658E-10
5.800000E-01  4.817537E-01  1.684216E-10
5.800000E-01  4.539905E-01  1.078692E-10
5.800000E-01  4.257793E-01  6.764322E-11
5.800000E-01  3.971479E-01  4.540251E-11
5.800000E-01  3.681246E-01  2.526153E-11
5.800000E-01  3.387379E-01  1.413605E-11
5.800000E-01  3.090170E-01  8.485163E-12
5.800000E-01  2.789911E-01  4.564473E-12
5.800000E-01  2.486899E-01  2.710938E-12
5.800000E-01  2.181432E-01  1.639089E-12
5.800000E-01  1.873813E-01  8.178775E-13
5.800000E-01  1.564345E-01  4.865414E-13
5.800000E-01  1.253332E-01  2.264470E-13
5.800000E-01  9.410831E-02  1.454312E-13
5.800000E-01  6.279052E-02  7.511651E-14
5.800000E-01  3.141076E-02  3.707211E-14
5.800000E-01  -1.271035E-15  1.893408E-14
6.000000E-01  1.000000E+00  9.110924E-09
6.000000E-01  9.995066E-01  1.237934E-08
6.000000E-01  9.980267E-01  2.554677E-08
6.000000E-01  9.955620E-01  1.371750E-07
6.000000E-01  9.921147E-01  1.339034E-07
6.000000E-01  9.876883E-01  1.319671E-07
6.000000E-01  9.822873E-01  1.240942E-07
6.000000E-01  9.759168E-01  1.165377E-07
6.000000E-01  9.685832E-01  1.062073E-07
6.000000E-01  9.602937E-01  1.023861E-07
6.000000E-01  9.510565E-01  9.087317E-08
6.000000E-01  9.408808E-01  8.310817E-08
6.000000E-01  9.297765E-01  7.636288E-08
6.000000E-01  9.177546E-01  6.450128E-08
6.000000E-01  9.048271E-01  5.816494E-08
6.000000E-01  8.910065E-01  4.895138E-08
6.000000E-01  8.763067E-01  4.104374E-08
6.000000E-01  8.607420E-01  3.196912E-08
6.000000E-01  8.443279E-01  2.841892E-08
6.000000E-01  8.270806E-01  2.239397E-08
6.000000E-01  8.090170E-01  1.761295E-08
6.000000E-01  7.901550E-01  1.448733E-08
6.000000E-01  7.705132E-01  1.122601E-08
6.000000E-01  7.501111E-01  8.116455E-09
6.000000E-01  7.289686E-01  6.009754E-09
6.000000E-01  7.071068E-01  4.547073E-09
6.000000E-01  6.845471E-01  3.166472E-09
6.000000E-01  6.613119E-01  2.370302E-09
6.000000E-01  6.374240E-01  1.559824E-09
6.000000E-01  6.129071E-01  1.096800E-09
6.000000E-01  5.877853E-01  7.540851E-10
6.000000E-01  5.620834E-01  4.944108E-10
6.000000E-01  5.358268E-01  3.176946E-10
6.000000E-01  5.090414E-01  1.974060E-10
6.000000E-01  4.817537E-01  1.173037E-10
6.000000E-01  4.539905E-01  8.047751E-11
6.000000E-01  4.257793E-01  4.689478E-11
6.000000E-01  3.971479E-01  2.594140E-11
6.000000E-01  3.681246E-01  1.638325E-11
6.000000E-01  3.387379E-01  8.536311E-12
6.000000E-01  3.090170E-01  4.893724E-12
6.000000E-01  2.789911E-01  2.672794E-12
6.000000E-01  2.486899E-01  1.476967E-12
6.000000E-01  2.181432E-01  8.147113E-13
6.000000E-01  1.873813E-01  4.274125E-13
6.000000E-01  1.564345E-01  2.343585E-13
6.000000E-01  1.253332E-01  1.385422E-13
6.000000E-01  9.410831E-02  6.227100E-14
6.000000E-01  6.279052E-02  2.940140E-14
6.000000E-01  3.141076E-02  1.479120E-14
6.000000E-01  -1.271035E-15  7.534115E-15
6.200000E-01  1.000000E+00  1.523805E-08
6.200000E-01  9.995066E-01  INF
6.200000E-01  9.980267E-01  2.479319E-08
6.200000E-01  9.955620E-01  5.283722E-08
6.200000E-01  9.921147E-01  2.264598E-07
6.200000E-01  9.876883E-01  6.603005E-07
6.200000E-01  9.822873E-01  1.441979E-06
6.200000E-01  9.759168E-01  3.865012E-06
6.200000E-01  9.685832E-01  9.152228E-08
6.200000E-01  9.602937E-01  8.250536E-08
6.200000E-01  9.510565E-01  7.627763E-08
6.200000E-01  9.408808E-01  7.587018E-08
6.200000E-01  9.297765E-01  6.738714E-08
6.200000E-01  9.177546E-01  5.769186E-08
6.200000E-01  9.048271E-01  4.794822E-08
6.200000E-01  8.910065E-01  4.265299E-08
6.200000E-01  8.763067E-01  3.829726E