0.000000E+00  1.000000E+00  0.000000E+00
0.000000E+00  9.995066E-01  0.000000E+00
0.000000E+00  9.980267E-01  0.000000E+00
0.000000E+00  9.955620E-01  0.000000E+00
0.000000E+00  9.921147E-01  0.000000E+00
0.000000E+00  9.876883E-01  0.000000E+00
0.000000E+00  9.822873E-01  0.000000E+00
0.000000E+00  9.759168E-01  0.000000E+00
0.000000E+00  9.685832E-01  0.000000E+00
0.000000E+00  9.602937E-01  0.000000E+00
0.000000E+00  9.510565E-01  0.000000E+00
0.000000E+00  9.408808E-01  0.000000E+00
0.000000E+00  9.297765E-01  0.000000E+00
0.000000E+00  9.177546E-01  0.000000E+00
0.000000E+00  9.048271E-01  0.000000E+00
0.000000E+00  8.910065E-01  0.000000E+00
0.000000E+00  8.763067E-01  0.000000E+00
0.000000E+00  8.607420E-01  0.000000E+00
0.000000E+00  8.443279E-01  0.000000E+00
0.000000E+00  8.270806E-01  0.000000E+00
0.000000E+00  8.090170E-01  0.000000E+00
0.000000E+00  7.901550E-01  0.000000E+00
0.000000E+00  7.705132E-01  0.000000E+00
0.000000E+00  7.501111E-01  0.000000E+00
0.000000E+00  7.289686E-01  0.000000E+00
0.000000E+00  7.071068E-01  0.000000E+00
0.000000E+00  6.845471E-01  0.000000E+00
0.000000E+00  6.613119E-01  0.000000E+00
0.000000E+00  6.374240E-01  0.000000E+00
0.000000E+00  6.129071E-01  0.000000E+00
0.000000E+00  5.877853E-01  0.000000E+00
0.000000E+00  5.620834E-01  0.000000E+00
0.000000E+00  5.358268E-01  0.000000E+00
0.000000E+00  5.090414E-01  0.000000E+00
0.000000E+00  4.817537E-01  0.000000E+00
0.000000E+00  4.539905E-01  0.000000E+00
0.000000E+00  4.257793E-01  0.000000E+00
0.000000E+00  3.971479E-01  0.000000E+00
0.000000E+00  3.681246E-01  0.000000E+00
0.000000E+00  3.387379E-01  0.000000E+00
0.000000E+00  3.090170E-01  0.000000E+00
0.000000E+00  2.789911E-01  0.000000E+00
0.000000E+00  2.486899E-01  0.000000E+00
0.000000E+00  2.181432E-01  0.000000E+00
0.000000E+00  1.873813E-01  0.000000E+00
0.000000E+00  1.564345E-01  0.000000E+00
0.000000E+00  1.253332E-01  0.000000E+00
0.000000E+00  9.410831E-02  0.000000E+00
0.000000E+00  6.279052E-02  0.000000E+00
0.000000E+00  3.141076E-02  0.000000E+00
0.000000E+00  -1.271035E-15  0.000000E+00
2.000000E-02  1.000000E+00  2.041861E-12
2.000000E-02  9.995066E-01  2.041455E-12
2.000000E-02  9.980267E-01  2.040269E-12
2.000000E-02  9.955620E-01  2.038689E-12
2.000000E-02  9.921147E-01  2.036413E-12
2.000000E-02  9.876883E-01  2.033390E-12
2.000000E-02  9.822873E-01  2.029838E-12
2.000000E-02  9.759168E-01  2.025722E-12
2.000000E-02  9.685832E-01  2.021420E-12
2.000000E-02  9.602937E-01  2.016042E-12
2.000000E-02  9.510565E-01  2.009975E-12
2.000000E-02  9.408808E-01  2.002522E-12
2.000000E-02  9.297765E-01  1.995869E-12
2.000000E-02  9.177546E-01  1.988102E-12
2.000000E-02  9.048271E-01  1.976945E-12
2.000000E-02  8.910065E-01  1.969276E-12
2.000000E-02  8.763067E-01  1.961031E-12
2.000000E-02  8.607420E-01  1.951294E-12
2.000000E-02  8.443279E-01  1.940936E-12
2.000000E-02  8.270806E-01  1.930052E-12
2.000000E-02  8.090170E-01  1.918544E-12
2.000000E-02  7.901550E-01  1.906496E-12
2.000000E-02  7.705132E-01  1.893888E-12
2.000000E-02  7.501111E-01  1.881634E-12
2.000000E-02  7.289686E-01  1.868430E-12
2.000000E-02  7.071068E-01  1.854044E-12
2.000000E-02  6.845471E-01  1.841207E-12
2.000000E-02  6.613119E-01  1.821674E-12
2.000000E-02  6.374240E-01  1.807004E-12
2.000000E-02  6.129071E-01  1.792028E-12
2.000000E-02  5.877853E-01  1.776861E-12
2.000000E-02  5.620834E-01  1.761492E-12
2.000000E-02  5.358268E-01  1.745880E-12
2.000000E-02  5.090414E-01  1.730451E-12
2.000000E-02  4.817537E-01  1.714494E-12
2.000000E-02  4.539905E-01  1.698065E-12
2.000000E-02  4.257793E-01  1.681830E-12
2.000000E-02  3.971479E-01  1.665645E-12
2.000000E-02  3.681246E-01  1.648193E-12
2.000000E-02  3.387379E-01  1.631763E-12
2.000000E-02  3.090170E-01  1.616368E-12
2.000000E-02  2.789911E-01  1.600077E-12
2.000000E-02  2.486899E-01  1.583657E-12
2.000000E-02  2.181432E-01  1.567250E-12
2.000000E-02  1.873813E-01  1.558661E-12
2.000000E-02  1.564345E-01  1.542698E-12
2.000000E-02  1.253332E-01  1.526444E-12
2.000000E-02  9.410831E-02  1.510258E-12
2.000000E-02  6.279052E-02  1.494370E-12
2.000000E-02  3.141076E-02  1.478059E-12
2.000000E-02  -1.271035E-15  1.462233E-12
4.000000E-02  1.000000E+00  1.127213E-11
4.000000E-02  9.995066E-01  1.126785E-11
4.000000E-02  9.980267E-01  1.125586E-11
4.000000E-02  9.955620E-01  1.123884E-11
4.000000E-02  9.921147E-01  1.121285E-11
4.000000E-02  9.876883E-01  1.118502E-11
4.000000E-02  9.822873E-01  1.114711E-11
4.000000E-02  9.759168E-01  1.110293E-11
4.000000E-02  9.685832E-01  1.105249E-11
4.000000E-02  9.602937E-01  1.099464E-11
4.000000E-02  9.510565E-01  1.093055E-11
4.000000E-02  9.408808E-01  1.087104E-11
4.000000E-02  9.297765E-01  1.080540E-11
4.000000E-02  9.177546E-01  1.071349E-11
4.000000E-02  9.048271E-01  1.062632E-11
4.000000E-02  8.910065E-01  1.047687E-11
4.000000E-02  8.763067E-01  1.037601E-11
4.000000E-02  8.607420E-01  1.029882E-11
4.000000E-02  8.443279E-01  1.015663E-11
4.000000E-02  8.270806E-01  1.004530E-11
4.000000E-02  8.090170E-01  1.000209E-11
4.000000E-02  7.901550E-01  9.882601E-12
4.000000E-02  7.705132E-01  9.760681E-12
4.000000E-02  7.501111E-01  9.645220E-12
4.000000E-02  7.289686E-01  9.497299E-12
4.000000E-02  7.071068E-01  9.373820E-12
4.000000E-02  6.845471E-01  9.239668E-12
4.000000E-02  6.613119E-01  9.101244E-12
4.000000E-02  6.374240E-01  8.964285E-12
4.000000E-02  6.129071E-01  8.824916E-12
4.000000E-02  5.877853E-01  8.682277E-12
4.000000E-02  5.620834E-01  8.537358E-12
4.000000E-02  5.358268E-01  8.394987E-12
4.000000E-02  5.090414E-01  8.252141E-12
4.000000E-02  4.817537E-01  8.090409E-12
4.000000E-02  4.539905E-01  7.965576E-12
4.000000E-02  4.257793E-01  7.801975E-12
4.000000E-02  3.971479E-01  7.659966E-12
4.000000E-02  3.681246E-01  7.510356E-12
4.000000E-02  3.387379E-01  7.363918E-12
4.000000E-02  3.090170E-01  7.223309E-12
4.000000E-02  2.789911E-01  7.078231E-12
4.000000E-02  2.486899E-01  6.934286E-12
4.000000E-02  2.181432E-01  6.790506E-12
4.000000E-02  1.873813E-01  6.653125E-12
4.000000E-02  1.564345E-01  6.514272E-12
4.000000E-02  1.253332E-01  6.378849E-12
4.000000E-02  9.410831E-02  6.257448E-12
4.000000E-02  6.279052E-02  6.109498E-12
4.000000E-02  3.141076E-02  5.975537E-12
4.000000E-02  -1.271035E-15  5.851382E-12
6.000000E-02  1.000000E+00  3.483053E-11
6.000000E-02  9.995066E-01  3.481149E-11
6.000000E-02  9.980267E-01  3.477250E-11
6.000000E-02  9.955620E-01  3.469811E-11
6.000000E-02  9.921147E-01  3.457789E-11
6.000000E-02  9.876883E-01  3.462059E-11
6.000000E-02  9.822873E-01  3.428373E-11
6.000000E-02  9.759168E-01  3.408580E-11
6.000000E-02  9.685832E-01  3.385831E-11
6.000000E-02  9.602937E-01  3.361670E-11
6.000000E-02  9.510565E-01  3.333633E-11
6.000000E-02  9.408808E-01  3.282742E-11
6.000000E-02  9.297765E-01  3.249034E-11
6.000000E-02  9.177546E-01  3.208951E-11
6.000000E-02  9.048271E-01  3.170761E-11
6.000000E-02  8.910065E-01  3.157253E-11
6.000000E-02  8.763067E-01  3.114512E-11
6.000000E-02  8.607420E-01  3.068418E-11
6.000000E-02  8.443279E-01  3.022161E-11
6.000000E-02  8.270806E-01  2.978272E-11
6.000000E-02  8.090170E-01  2.929062E-11
6.000000E-02  7.901550E-01  2.878129E-11
6.000000E-02  7.705132E-01  2.826169E-11
6.000000E-02  7.501111E-01  2.772782E-11
6.000000E-02  7.289686E-01  2.718632E-11
6.000000E-02  7.071068E-01  2.663288E-11
6.000000E-02  6.845471E-01  2.607336E-11
6.000000E-02  6.613119E-01  2.550664E-11
6.000000E-02  6.374240E-01  2.493262E-11
6.000000E-02  6.129071E-01  2.435356E-11
6.000000E-02  5.877853E-01  2.378827E-11
6.000000E-02  5.620834E-01  2.321121E-11
6.000000E-02  5.358268E-01  2.261987E-11
6.000000E-02  5.090414E-01  2.203651E-11
6.000000E-02  4.817537E-01  2.146084E-11
6.000000E-02  4.539905E-01  2.085391E-11
6.000000E-02  4.257793E-01  2.030921E-11
6.000000E-02  3.971479E-01  1.974010E-11
6.000000E-02  3.681246E-01  1.917408E-11
6.000000E-02  3.387379E-01  1.863171E-11
6.000000E-02  3.090170E-01  1.806349E-11
6.000000E-02  2.789911E-01  1.753493E-11
6.000000E-02  2.486899E-01  1.700225E-11
6.000000E-02  2.181432E-01  1.648615E-11
6.000000E-02  1.873813E-01  1.597543E-11
6.000000E-02  1.564345E-01  1.547395E-11
6.000000E-02  1.253332E-01  1.498366E-11
6.000000E-02  9.410831E-02  1.450462E-11
6.000000E-02  6.279052E-02  1.403547E-11
6.000000E-02  3.141076E-02  1.358021E-11
6.000000E-02  -1.271035E-15  1.313658E-11
8.000000E-02  1.000000E+00  8.516621E-11
8.000000E-02  9.995066E-01  8.510090E-11
8.000000E-02  9.980267E-01  8.495163E-11
8.000000E-02  9.955620E-01  8.471946E-11
8.000000E-02  9.921147E-01  8.437929E-11
8.000000E-02  9.876883E-01  8.393396E-11
8.000000E-02  9.822873E-01  8.334374E-11
8.000000E-02  9.759168E-01  8.280311E-11
8.000000E-02  9.685832E-01  8.208785E-11
8.000000E-02  9.602937E-01  8.069941E-11
8.000000E-02  9.510565E-01  7.974534E-11
8.000000E-02  9.408808E-01  7.870407E-11
8.000000E-02  9.297765E-01  7.843974E-11
8.000000E-02  9.177546E-01  7.733927E-11
8.000000E-02  9.048271E-01  7.616442E-11
8.000000E-02  8.910065E-01  7.492697E-11
8.000000E-02  8.763067E-01  7.362436E-11
8.000000E-02  8.607420E-01  7.229153E-11
8.000000E-02  8.443279E-01  7.093049E-11
8.000000E-02  8.270806E-01  6.939523E-11
8.000000E-02  8.090170E-01  6.788841E-11
8.000000E-02  7.901550E-01  6.639792E-11
8.000000E-02  7.705132E-01  6.477870E-11
8.000000E-02  7.501111E-01  6.318152E-11
8.000000E-02  7.289686E-01  6.157906E-11
8.000000E-02  7.071068E-01  5.991503E-11
8.000000E-02  6.845471E-01  5.825967E-11
8.000000E-02  6.613119E-01  5.663502E-11
8.000000E-02  6.374240E-01  5.489697E-11
8.000000E-02  6.129071E-01  5.324345E-11
8.000000E-02  5.877853E-01  5.157127E-11
8.000000E-02  5.620834E-01  4.994502E-11
8.000000E-02  5.358268E-01  4.824478E-11
8.000000E-02  5.090414E-01  4.658229E-11
8.000000E-02  4.817537E-01  4.485803E-11
8.000000E-02  4.539905E-01  4.336452E-11
8.000000E-02  4.257793E-01  4.177577E-11
8.000000E-02  3.971479E-01  4.023596E-11
8.000000E-02  3.681246E-01  3.869397E-11
8.000000E-02  3.387379E-01  3.719794E-11
8.000000E-02  3.090170E-01  3.576631E-11
8.000000E-02  2.789911E-01  3.430600E-11
8.000000E-02  2.486899E-01  3.292503E-11
8.000000E-02  2.181432E-01  3.155133E-11
8.000000E-02  1.873813E-01  3.025817E-11
8.000000E-02  1.564345E-01  2.897403E-11
8.000000E-02  1.253332E-01  2.773440E-11
8.000000E-02  9.410831E-02  2.652550E-11
8.000000E-02  6.279052E-02  2.539200E-11
8.000000E-02  3.141076E-02  2.427125E-11
8.000000E-02  -1.271035E-15  2.320452E-11
1.000000E-01  1.000000E+00  1.837141E-10
1.000000E-01  9.995066E-01  1.836043E-10
1.000000E-01  9.980267E-01  1.831725E-10
1.000000E-01  9.955620E-01  1.825191E-10
1.000000E-01  9.921147E-01  1.815714E-10
1.000000E-01  9.876883E-01  1.804232E-10
1.000000E-01  9.822873E-01  1.790548E-10
1.000000E-01  9.759168E-01  1.774502E-10
1.000000E-01  9.685832E-01  1.744007E-10
1.000000E-01  9.602937E-01  1.716647E-10
1.000000E-01  9.510565E-01  1.711527E-10
1.000000E-01  9.408808E-01  1.686097E-10
1.000000E-01  9.297765E-01  1.659969E-10
1.000000E-01  9.177546E-01  1.631341E-10
1.000000E-01  9.048271E-01  1.600408E-10
1.000000E-01  8.910065E-01  1.569307E-10
1.000000E-01  8.763067E-01  1.534314E-10
1.000000E-01  8.607420E-01  1.497778E-10
1.000000E-01  8.443279E-01  1.462919E-10
1.000000E-01  8.270806E-01  1.425921E-10
1.000000E-01  8.090170E-01  1.387773E-10
1.000000E-01  7.901550E-01  1.348963E-10
1.000000E-01  7.705132E-01  1.309371E-10
1.000000E-01  7.501111E-01  1.269054E-10
1.000000E-01  7.289686E-01  1.227891E-10
1.000000E-01  7.071068E-01  1.187466E-10
1.000000E-01  6.845471E-01  1.146601E-10
1.000000E-01  6.613119E-01  1.105536E-10
1.000000E-01  6.374240E-01  1.064841E-10
1.000000E-01  6.129071E-01  1.024183E-10
1.000000E-01  5.877853E-01  9.838004E-11
1.000000E-01  5.620834E-01  9.441841E-11
1.000000E-01  5.358268E-01  9.048569E-11
1.000000E-01  5.090414E-01  8.664037E-11
1.000000E-01  4.817537E-01  8.286199E-11
1.000000E-01  4.539905E-01  7.914886E-11
1.000000E-01  4.257793E-01  7.551780E-11
1.000000E-01  3.971479E-01  7.194109E-11
1.000000E-01  3.681246E-01  6.858111E-11
1.000000E-01  3.387379E-01  6.521843E-11
1.000000E-01  3.090170E-01  6.198867E-11
1.000000E-01  2.789911E-01  5.896795E-11
1.000000E-01  2.486899E-01  5.585726E-11
1.000000E-01  2.181432E-01  5.296380E-11
1.000000E-01  1.873813E-01  5.017248E-11
1.000000E-01  1.564345E-01  4.748191E-11
1.000000E-01  1.253332E-01  4.490988E-11
1.000000E-01  9.410831E-02  4.245706E-11
1.000000E-01  6.279052E-02  4.010779E-11
1.000000E-01  3.141076E-02  3.785701E-11
1.000000E-01  -1.271035E-15  3.574039E-11
1.200000E-01  1.000000E+00  3.668054E-10
1.200000E-01  9.995066E-01  3.664557E-10
1.200000E-01  9.980267E-01  3.651786E-10
1.200000E-01  9.955620E-01  3.641008E-10
1.200000E-01  9.921147E-01  3.617152E-10
1.200000E-01  9.876883E-01  3.589259E-10
1.200000E-01  9.822873E-01  3.555978E-10
1.200000E-01  9.759168E-01  3.483207E-10
1.200000E-01  9.685832E-01  3.433077E-10
1.200000E-01  9.602937E-01  3.423629E-10
1.200000E-01  9.510565E-01  3.366955E-10
1.200000E-01  9.408808E-01  3.309176E-10
1.200000E-01  9.297765E-01  3.247361E-10
1.200000E-01  9.177546E-01  3.179685E-10
1.200000E-01  9.048271E-01  3.109731E-10
1.200000E-01  8.910065E-01  3.036900E-10
1.200000E-01  8.763067E-01  2.957550E-10
1.200000E-01  8.607420E-01  2.874628E-10
1.200000E-01  8.443279E-01  2.792606E-10
1.200000E-01  8.270806E-01  2.648474E-10
1.200000E-01  8.090170E-01  2.619415E-10
1.200000E-01  7.901550E-01  2.531019E-10
1.200000E-01  7.705132E-01  2.442140E-10
1.200000E-01  7.501111E-01  2.351449E-10
1.200000E-01  7.289686E-01  2.261358E-10
1.200000E-01  7.071068E-01  2.171168E-10
1.200000E-01  6.845471E-01  2.081244E-10
1.200000E-01  6.613119E-01  1.991700E-10
1.200000E-01  6.374240E-01  1.903052E-10
1.200000E-01  6.129071E-01  1.815567E-10
1.200000E-01  5.877853E-01  1.730080E-10
1.200000E-01  5.620834E-01  1.645077E-10
1.200000E-01  5.358268E-01  1.563408E-10
1.200000E-01  5.090414E-01  1.482856E-10
1.200000E-01  4.817537E-01  1.403712E-10
1.200000E-01  4.539905E-01  1.329663E-10
1.200000E-01  4.257793E-01  1.254400E-10
1.200000E-01  3.971479E-01  1.183831E-10
1.200000E-01  3.681246E-01  1.113707E-10
1.200000E-01  3.387379E-01  1.048387E-10
1.200000E-01  3.090170E-01  9.853583E-11
1.200000E-01  2.789911E-01  9.252618E-11
1.200000E-01  2.486899E-01  8.673130E-11
1.200000E-01  2.181432E-01  8.123364E-11
1.200000E-01  1.873813E-01  7.604482E-11
1.200000E-01  1.564345E-01  7.113778E-11
1.200000E-01  1.253332E-01  6.642063E-11
1.200000E-01  9.410831E-02  6.211992E-11
1.200000E-01  6.279052E-02  5.791974E-11
1.200000E-01  3.141076E-02  5.398061E-11
1.200000E-01  -1.271035E-15  5.019130E-11
1.400000E-01  1.000000E+00  6.941339E-10
1.400000E-01  9.995066E-01  6.924810E-10
1.400000E-01  9.980267E-01  6.905846E-10
1.400000E-01  9.955620E-01  6.866175E-10
1.400000E-01  9.921147E-01  6.819276E-10
1.400000E-01  9.876883E-01  6.759292E-10
1.400000E-01  9.822873E-01  6.689553E-10
1.400000E-01  9.759168E-01  6.537265E-10
1.400000E-01  9.685832E-01  6.515953E-10
1.400000E-01  9.602937E-01  6.410971E-10
1.400000E-01  9.510565E-01  6.276764E-10
1.400000E-01  9.408808E-01  6.157161E-10
1.400000E-01  9.297765E-01  6.022971E-10
1.400000E-01  9.177546E-01  5.866318E-10
1.400000E-01  9.048271E-01  5.710327E-10
1.400000E-01  8.910065E-01  5.550789E-10
1.400000E-01  8.763067E-01  5.383615E-10
1.400000E-01  8.607420E-01  5.219882E-10
1.400000E-01  8.443279E-01  5.034559E-10
1.400000E-01  8.270806E-01  4.854262E-10
1.400000E-01  8.090170E-01  4.674763E-10
1.400000E-01  7.901550E-01  4.487363E-10
1.400000E-01  7.705132E-01  4.302885E-10
1.400000E-01  7.501111E-01  4.115517E-10
1.400000E-01  7.289686E-01  3.932037E-10
1.400000E-01  7.071068E-01  3.745992E-10
1.400000E-01  6.845471E-01  3.562705E-10
1.400000E-01  6.613119E-01  3.384509E-10
1.400000E-01  6.374240E-01  3.207054E-10
1.400000E-01  6.129071E-01  3.034702E-10
1.400000E-01  5.877853E-01  2.864411E-10
1.400000E-01  5.620834E-01  2.698136E-10
1.400000E-01  5.358268E-01  2.538931E-10
1.400000E-01  5.090414E-01  2.384817E-10
1.400000E-01  4.817537E-01  2.236305E-10
1.400000E-01  4.539905E-01  2.093833E-10
1.400000E-01  4.257793E-01  1.962459E-10
1.400000E-01  3.971479E-01  1.830267E-10
1.400000E-01  3.681246E-01  1.703951E-10
1.400000E-01  3.387379E-01  1.585498E-10
1.400000E-01  3.090170E-01  1.472659E-10
1.400000E-01  2.789911E-01  1.366043E-10
1.400000E-01  2.486899E-01  1.265088E-10
1.400000E-01  2.181432E-01  1.170465E-10
1.400000E-01  1.873813E-01  1.081000E-10
1.400000E-01  1.564345E-01  9.976069E-11
1.400000E-01  1.253332E-01  9.194832E-11
1.400000E-01  9.410831E-02  8.400304E-11
1.400000E-01  6.279052E-02  7.785018E-11
1.400000E-01  3.141076E-02  7.152909E-11
1.400000E-01  -1.271035E-15  6.568119E-11
1.600000E-01  1.000000E+00  1.256724E-09
1.600000E-01  9.995066E-01  1.250576E-09
1.600000E-01  9.980267E-01  1.248096E-09
1.600000E-01  9.955620E-01  1.241434E-09
1.600000E-01  9.921147E-01  1.231556E-09
1.600000E-01  9.876883E-01  1.218651E-09
1.600000E-01  9.822873E-01  1.187731E-09
1.600000E-01  9.759168E-01  1.167459E-09
1.600000E-01  9.685832E-01  1.166619E-09
1.600000E-01  9.602937E-01  1.143675E-09
1.600000E-01  9.510565E-01  1.120389E-09
1.600000E-01  9.408808E-01  1.092842E-09
1.600000E-01  9.297765E-01  1.064711E-09
1.600000E-01  9.177546E-01  1.035069E-09
1.600000E-01  9.048271E-01  1.003694E-09
1.600000E-01  8.910065E-01  9.711750E-10
1.600000E-01  8.763067E-01  9.374339E-10
1.600000E-01  8.607420E-01  9.032679E-10
1.600000E-01  8.443279E-01  8.674755E-10
1.600000E-01  8.270806E-01  8.324962E-10
1.600000E-01  8.090170E-01  7.952120E-10
1.600000E-01  7.901550E-01  7.584906E-10
1.600000E-01  7.705132E-01  7.238096E-10
1.600000E-01  7.501111E-01  6.878297E-10
1.600000E-01  7.289686E-01  6.520942E-10
1.600000E-01  7.071068E-01  6.169908E-10
1.600000E-01  6.845471E-01  5.813622E-10
1.600000E-01  6.613119E-01  5.479284E-10
1.600000E-01  6.374240E-01  5.150400E-10
1.600000E-01  6.129071E-01  4.827733E-10
1.600000E-01  5.877853E-01  4.533017E-10
1.600000E-01  5.620834E-01  4.227768E-10
1.600000E-01  5.358268E-01  3.937845E-10
1.600000E-01  5.090414E-01  3.669439E-10
1.600000E-01  4.817537E-01  3.400151E-10
1.600000E-01  4.539905E-01  3.150550E-10
1.600000E-01  4.257793E-01  2.911525E-10
1.600000E-01  3.971479E-01  2.685577E-10
1.600000E-01  3.681246E-01  2.467980E-10
1.600000E-01  3.387379E-01  2.272334E-10
1.600000E-01  3.090170E-01  2.085359E-10
1.600000E-01  2.789911E-01  1.910492E-10
1.600000E-01  2.486899E-01  1.747145E-10
1.600000E-01  2.181432E-01  1.591294E-10
1.600000E-01  1.873813E-01  1.450098E-10
1.600000E-01  1.564345E-01  1.320010E-10
1.600000E-01  1.253332E-01  1.200415E-10
1.600000E-01  9.410831E-02  1.088942E-10
1.600000E-01  6.279052E-02  9.887592E-11
1.600000E-01  3.141076E-02  8.938707E-11
1.600000E-01  -1.271035E-15  8.098083E-11
1.800000E-01  1.000000E+00  2.185520E-09
1.800000E-01  9.995066E-01  2.179222E-09
1.800000E-01  9.980267E-01  2.170926E-09
1.800000E-01  9.955620E-01  2.157228E-09
1.800000E-01  9.921147E-01  2.138469E-09
1.800000E-01  9.876883E-01  2.113691E-09
1.800000E-01  9.822873E-01  2.050800E-09
1.800000E-01  9.759168E-01  2.048612E-09
1.800000E-01  9.685832E-01  2.010035E-09
1.800000E-01  9.602937E-01  1.966512E-09
1.800000E-01  9.510565E-01  1.919073E-09
1.800000E-01  9.408808E-01  1.868700E-09
1.800000E-01  9.297765E-01  1.809557E-09
1.800000E-01  9.177546E-01  1.754805E-09
1.800000E-01  9.048271E-01  1.695870E-09
1.800000E-01  8.910065E-01  1.634499E-09
1.800000E-01  8.763067E-01  1.570021E-09
1.800000E-01  8.607420E-01  1.505038E-09
1.800000E-01  8.443279E-01  1.438462E-09
1.800000E-01  8.270806E-01  1.371706E-09
1.800000E-01  8.090170E-01  1.304367E-09
1.800000E-01  7.901550E-01  1.236772E-09
1.800000E-01  7.705132E-01  1.168098E-09
1.800000E-01  7.501111E-01  1.103135E-09
1.800000E-01  7.289686E-01  1.038318E-09
1.800000E-01  7.071068E-01  9.745983E-10
1.800000E-01  6.845471E-01  9.141133E-10
1.800000E-01  6.613119E-01  8.539831E-10
1.800000E-01  6.374240E-01  7.957287E-10
1.800000E-01  6.129071E-01  7.386573E-10
1.800000E-01  5.877853E-01  6.856362E-10
1.800000E-01  5.620834E-01  6.326240E-10
1.800000E-01  5.358268E-01  5.852633E-10
1.800000E-01  5.090414E-01  5.386225E-10
1.800000E-01  4.817537E-01  4.934668E-10
1.800000E-01  4.539905E-01  4.520200E-10
1.800000E-01  4.257793E-01  4.130308E-10
1.800000E-01  3.971479E-01  3.766471E-10
1.800000E-01  3.681246E-01  3.425321E-10
1.800000E-01  3.387379E-01  3.109055E-10
1.800000E-01  3.090170E-01  2.816791E-10
1.800000E-01  2.789911E-01  2.546777E-10
1.800000E-01  2.486899E-01  2.297759E-10
1.800000E-01  2.181432E-01  2.069038E-10
1.800000E-01  1.873813E-01  1.859741E-10
1.800000E-01  1.564345E-01  1.668557E-10
1.800000E-01  1.253332E-01  1.494645E-10
1.800000E-01  9.410831E-02  1.336435E-10
1.800000E-01  6.279052E-02  1.193290E-10
1.800000E-01  3.141076E-02  1.064326E-10
1.800000E-01  -1.271035E-15  9.479533E-11
2.000000E-01  1.000000E+00  3.657883E-09
2.000000E-01  9.995066E-01  3.653874E-09
2.000000E-01  9.980267E-01  3.635950E-09
2.000000E-01  9.955620E-01  3.611449E-09
2.000000E-01  9.921147E-01  3.575633E-09
2.000000E-01  9.876883E-01  3.474266E-09
2.000000E-01  9.822873E-01  3.473679E-09
2.000000E-01  9.759168E-01  3.410303E-09
2.000000E-01  9.685832E-01  3.338277E-09
2.000000E-01  9.602937E-01  3.258201E-09
2.000000E-01  9.510565E-01  3.172020E-09
2.000000E-01  9.408808E-01  3.071781E-09
2.000000E-01  9.297765E-01  2.975096E-09
2.000000E-01  9.177546E-01  2.871962E-09
2.000000E-01  9.048271E-01  2.761496E-09
2.000000E-01  8.910065E-01  2.642451E-09
2.000000E-01  8.763067E-01  2.534058E-09
2.000000E-01  8.607420E-01  2.419452E-09
2.000000E-01  8.443279E-01  2.298165E-09
2.000000E-01  8.270806E-01  2.178512E-09
2.000000E-01  8.090170E-01  2.055650E-09
2.000000E-01  7.901550E-01  1.938392E-09
2.000000E-01  7.705132E-01  1.821215E-09
2.000000E-01  7.501111E-01  1.709106E-09
2.000000E-01  7.289686E-01  1.597748E-09
2.000000E-01  7.071068E-01  1.488551E-09
2.000000E-01  6.845471E-01  1.382712E-09
2.000000E-01  6.613119E-01  1.280767E-09
2.000000E-01  6.374240E-01  1.182970E-09
2.000000E-01  6.129071E-01  1.087876E-09
2.000000E-01  5.877853E-01  9.972964E-10
2.000000E-01  5.620834E-01  9.137215E-10
2.000000E-01  5.358268E-01  8.343156E-10
2.000000E-01  5.090414E-01  7.598632E-10
2.000000E-01  4.817537E-01  6.904012E-10
2.000000E-01  4.539905E-01  6.252259E-10
2.000000E-01  4.257793E-01  5.644521E-10
2.000000E-01  3.971479E-01  5.084783E-10
2.000000E-01  3.681246E-01  4.567134E-10
2.000000E-01  3.387379E-01  4.093623E-10
2.000000E-01  3.090170E-01  3.659375E-10
2.000000E-01  2.789911E-01  3.263521E-10
2.000000E-01  2.486899E-01  2.904068E-10
2.000000E-01  2.181432E-01  2.577644E-10
2.000000E-01  1.873813E-01  2.283303E-10
2.000000E-01  1.564345E-01  2.018301E-10
2.000000E-01  1.253332E-01  1.780461E-10
2.000000E-01  9.410831E-02  1.567856E-10
2.000000E-01  6.279052E-02  1.378237E-10
2.000000E-01  3.141076E-02  1.209391E-10
2.000000E-01  -1.271035E-15  1.059513E-10
2.200000E-01  1.000000E+00  5.911090E-09
2.200000E-01  9.995066E-01  5.899779E-09
2.200000E-01  9.980267E-01  5.872975E-09
2.200000E-01  9.955620E-01  5.825713E-09
2.200000E-01  9.921147E-01  5.763749E-09
2.200000E-01  9.876883E-01  5.580531E-09
2.200000E-01  9.822873E-01  5.583373E-09
2.200000E-01  9.759168E-01  5.471888E-09
2.200000E-01  9.685832E-01  5.345245E-09
2.200000E-01  9.602937E-01  5.204729E-09
2.200000E-01  9.510565E-01  5.050138E-09
2.200000E-01  9.408808E-01  4.884527E-09
2.200000E-01  9.297765E-01  4.712413E-09
2.200000E-01  9.177546E-01  4.529710E-09
2.200000E-01  9.048271E-01  4.341347E-09
2.200000E-01  8.910065E-01  4.145398E-09
2.200000E-01  8.763067E-01  3.945951E-09
2.200000E-01  8.607420E-01  3.739489E-09
2.200000E-01  8.443279E-01  3.539154E-09
2.200000E-01  8.270806E-01  3.335699E-09
2.200000E-01  8.090170E-01  3.134923E-09
2.200000E-01  7.901550E-01  2.940434E-09
2.200000E-01  7.705132E-01  2.749034E-09
2.200000E-01  7.501111E-01  2.556359E-09
2.200000E-01  7.289686E-01  2.370786E-09
2.200000E-01  7.071068E-01  2.186701E-09
2.200000E-01  6.845471E-01  2.015063E-09
2.200000E-01  6.613119E-01  1.850407E-09
2.200000E-01  6.374240E-01  1.693688E-09
2.200000E-01  6.129071E-01  1.545543E-09
2.200000E-01  5.877853E-01  1.404692E-09
2.200000E-01  5.620834E-01  1.274142E-09
2.200000E-01  5.358268E-01  1.151361E-09
2.200000E-01  5.090414E-01  1.036730E-09
2.200000E-01  4.817537E-01  9.311724E-10
2.200000E-01  4.539905E-01  8.333286E-10
2.200000E-01  4.257793E-01  7.436887E-10
2.200000E-01  3.971479E-01  6.616585E-10
2.200000E-01  3.681246E-01  5.867448E-10
2.200000E-01  3.387379E-01  5.188919E-10
2.200000E-01  3.090170E-01  4.575897E-10
2.200000E-01  2.789911E-01  4.024036E-10
2.200000E-01  2.486899E-01  3.529114E-10
2.200000E-01  2.181432E-01  3.086535E-10
2.200000E-01  1.873813E-01  2.692743E-10
2.200000E-01  1.564345E-01  2.344161E-10
2.200000E-01  1.253332E-01  2.035866E-10
2.200000E-01  9.410831E-02  1.762314E-10
2.200000E-01  6.279052E-02  1.526166E-10
2.200000E-01  3.141076E-02  1.316544E-10
2.200000E-01  -1.271035E-15  1.133818E-10
2.400000E-01  1.000000E+00  9.206804E-09
2.400000E-01  9.995066E-01  9.191402E-09
2.400000E-01  9.980267E-01  9.145399E-09
2.400000E-01  9.955620E-01  9.067004E-09
2.400000E-01  9.921147E-01  8.956908E-09
2.400000E-01  9.876883E-01  8.636199E-09
2.400000E-01  9.822873E-01  8.659143E-09
2.400000E-01  9.759168E-01  8.473461E-09
2.400000E-01  9.685832E-01  8.256897E-09
2.400000E-01  9.602937E-01  7.986789E-09
2.400000E-01  9.510565E-01  7.765713E-09
2.400000E-01  9.408808E-01  7.491258E-09
2.400000E-01  9.297765E-01  7.202021E-09
2.400000E-01  9.177546E-01  6.897855E-09
2.400000E-01  9.048271E-01  6.584500E-09
2.400000E-01  8.910065E-01  6.264241E-09
2.400000E-01  8.763067E-01  5.928755E-09
2.400000E-01  8.607420E-01  5.597398E-09
2.400000E-01  8.443279E-01  5.266734E-09
2.400000E-01  8.270806E-01  4.945365E-09
2.400000E-01  8.090170E-01  4.621608E-09
2.400000E-01  7.901550E-01  4.303145E-09
2.400000E-01  7.705132E-01  3.988313E-09
2.400000E-01  7.501111E-01  3.685601E-09
2.400000E-01  7.289686E-01  3.393477E-09
2.400000E-01  7.071068E-01  3.113023E-09
2.400000E-01  6.845471E-01  2.844145E-09
2.400000E-01  6.613119E-01  2.590701E-09
2.400000E-01  6.374240E-01  2.350446E-09
2.400000E-01  6.129071E-01  2.124059E-09
2.400000E-01  5.877853E-01  1.911889E-09
2.400000E-01  5.620834E-01  1.716998E-09
2.400000E-01  5.358268E-01  1.533479E-09
2.400000E-01  5.090414E-01  1.367189E-09
2.400000E-01  4.817537E-01  1.214392E-09
2.400000E-01  4.539905E-01  1.073755E-09
2.400000E-01  4.257793E-01  9.464341E-10
2.400000E-01  3.971479E-01  8.312037E-10
2.400000E-01  3.681246E-01  7.274944E-10
2.400000E-01  3.387379E-01  6.347323E-10
2.400000E-01  3.090170E-01  5.520001E-10
2.400000E-01  2.789911E-01  4.784479E-10
2.400000E-01  2.486899E-01  4.135013E-10
2.400000E-01  2.181432E-01  3.562559E-10
2.400000E-01  1.873813E-01  3.058358E-10
2.400000E-01  1.564345E-01  2.620659E-10
2.400000E-01  1.253332E-01  2.241030E-10
2.400000E-01  9.410831E-02  1.908543E-10
2.400000E-01  6.279052E-02  1.622424E-10
2.400000E-01  3.141076E-02  1.376044E-10
2.400000E-01  -1.271035E-15  1.165325E-10
2.600000E-01  1.000000E+00  1.383952E-08
2.600000E-01  9.995066E-01  1.381348E-08
2.600000E-01  9.980267E-01  1.372844E-08
2.600000E-01  9.955620E-01  1.361616E-08
2.600000E-01  9.921147E-01  1.342762E-08
2.600000E-01  9.876883E-01  1.291269E-08
2.600000E-01  9.822873E-01  1.296401E-08
2.600000E-01  9.759168E-01  1.266230E-08
2.600000E-01  9.685832E-01  1.232000E-08
2.600000E-01  9.602937E-01  1.194441E-08
2.600000E-01  9.510565E-01  1.153640E-08
2.600000E-01  9.408808E-01  1.110193E-08
2.600000E-01  9.297765E-01  1.063709E-08
2.600000E-01  9.177546E-01  1.013241E-08
2.600000E-01  9.048271E-01  9.661464E-09
2.600000E-01  8.910065E-01  9.144621E-09
2.600000E-01  8.763067E-01  8.632272E-09
2.600000E-01  8.607420E-01  8.127639E-09
2.600000E-01  8.443279E-01  7.601191E-09
2.600000E-01  8.270806E-01  7.096834E-09
2.600000E-01  8.090170E-01  6.581912E-09
2.600000E-01  7.901550E-01  6.090364E-09
2.600000E-01  7.705132E-01  5.610786E-09
2.600000E-01  7.501111E-01  5.151179E-09
2.600000E-01  7.289686E-01  4.707022E-09
2.600000E-01  7.071068E-01  4.289997E-09
2.600000E-01  6.845471E-01  3.889924E-09
2.600000E-01  6.613119E-01  3.512639E-09
2.600000E-01  6.374240E-01  3.158449E-09
2.600000E-01  6.129071E-01  2.829421E-09
2.600000E-01  5.877853E-01  2.522670E-09
2.600000E-01  5.620834E-01  2.238478E-09
2.600000E-01  5.358268E-01  1.982143E-09
2.600000E-01  5.090414E-01  1.745964E-09
2.600000E-01  4.817537E-01  1.530285E-09
2.600000E-01  4.539905E-01  1.338694E-09
2.600000E-01  4.257793E-01  1.164958E-09
2.600000E-01  3.971479E-01  1.010206E-09
2.600000E-01  3.681246E-01  8.721688E-10
2.600000E-01  3.387379E-01  7.504975E-10
2.600000E-01  3.090170E-01  6.431104E-10
2.600000E-01  2.789911E-01  5.492341E-10
2.600000E-01  2.486899E-01  4.675238E-10
2.600000E-01  2.181432E-01  3.964456E-10
2.600000E-01  1.873813E-01  3.351223E-10
2.600000E-01  1.564345E-01  2.823786E-10
2.600000E-01  1.253332E-01  2.373700E-10
2.600000E-01  9.410831E-02  1.987353E-10
2.600000E-01  6.279052E-02  1.660150E-10
2.600000E-01  3.141076E-02  1.382461E-10
2.600000E-01  -1.271035E-15  1.149707E-10
2.800000E-01  1.000000E+00  2.010237E-08
2.800000E-01  9.995066E-01  2.005546E-08
2.800000E-01  9.980267E-01  1.994559E-08
2.800000E-01  9.955620E-01  1.976065E-08
2.800000E-01  9.921147E-01  1.949455E-08
2.800000E-01  9.876883E-01  1.866078E-08
2.800000E-01  9.822873E-01  1.876006E-08
2.800000E-01  9.759168E-01  1.829521E-08
2.800000E-01  9.685832E-01  1.777954E-08
2.800000E-01  9.602937E-01  1.720056E-08
2.800000E-01  9.510565E-01  1.657648E-08
2.800000E-01  9.408808E-01  1.590953E-08
2.800000E-01  9.297765E-01  1.518471E-08
2.800000E-01  9.177546E-01  1.447453E-08
2.800000E-01  9.048271E-01  1.370509E-08
2.800000E-01  8.910065E-01  1.293938E-08
2.800000E-01  8.763067E-01  1.218613E-08
2.800000E-01  8.607420E-01  1.140756E-08
2.800000E-01  8.443279E-01  1.058953E-08
2.800000E-01  8.270806E-01  9.847596E-09
2.800000E-01  8.090170E-01  9.096449E-09
2.800000E-01  7.901550E-01  8.368646E-09
2.800000E-01  7.705132E-01  7.665703E-09
2.800000E-01  7.501111E-01  6.990936E-09
2.800000E-01  7.289686E-01  6.345976E-09
2.800000E-01  7.071068E-01  5.733581E-09
2.800000E-01  6.845471E-01  5.157831E-09
2.800000E-01  6.613119E-01  4.618762E-09
2.800000E-01  6.374240E-01  4.116787E-09
2.800000E-01  6.129071E-01  3.652950E-09
2.800000E-01  5.877853E-01  3.227812E-09
2.800000E-01  5.620834E-01  2.834122E-09
2.800000E-01  5.358268E-01  2.481180E-09
2.800000E-01  5.090414E-01  2.160966E-09
2.800000E-01  4.817537E-01  1.874097E-09
2.800000E-01  4.539905E-01  1.617604E-09
2.800000E-01  4.257793E-01  1.389444E-09
2.800000E-01  3.971479E-01  1.188190E-09
2.800000E-01  3.681246E-01  1.012393E-09
2.800000E-01  3.387379E-01  8.584572E-10
2.800000E-01  3.090170E-01  7.252915E-10
2.800000E-01  2.789911E-01  6.099668E-10
2.800000E-01  2.486899E-01  5.110346E-10
2.800000E-01  2.181432E-01  4.265495E-10
2.800000E-01  1.873813E-01  3.546189E-10
2.800000E-01  1.564345E-01  2.937907E-10
2.800000E-01  1.253332E-01  2.426221E-10
2.800000E-01  9.410831E-02  1.996506E-10
2.800000E-01  6.279052E-02  1.637861E-10
2.800000E-01  3.141076E-02  1.339471E-10
2.800000E-01  -1.271035E-15  1.093281E-10
3.000000E-01  1.000000E+00  2.823729E-08
3.000000E-01  9.995066E-01  2.817262E-08
3.000000E-01  9.980267E-01  2.801431E-08
3.000000E-01  9.955620E-01  2.773406E-08
3.000000E-01  9.921147E-01  2.736355E-08
3.000000E-01  9.876883E-01  2.609815E-08
3.000000E-01  9.822873E-01  2.627872E-08
3.000000E-01  9.759168E-01  2.557548E-08
3.000000E-01  9.685832E-01  2.483219E-08
3.000000E-01  9.602937E-01  2.398621E-08
3.000000E-01  9.510565E-01  2.307441E-08
3.000000E-01  9.408808E-01  2.209121E-08
3.000000E-01  9.297765E-01  2.101299E-08
3.000000E-01  9.177546E-01  1.992238E-08
3.000000E-01  9.048271E-01  1.881932E-08
3.000000E-01  8.910065E-01  1.778066E-08
3.000000E-01  8.763067E-01  1.665906E-08
3.000000E-01  8.607420E-01  1.550014E-08
3.000000E-01  8.443279E-01  1.438329E-08
3.000000E-01  8.270806E-01  1.328352E-08
3.000000E-01  8.090170E-01  1.220551E-08
3.000000E-01  7.901550E-01  1.116934E-08
3.000000E-01  7.705132E-01  1.016578E-08
3.000000E-01  7.501111E-01  9.198916E-09
3.000000E-01  7.289686E-01  8.299745E-09
3.000000E-01  7.071068E-01  7.442589E-09
3.000000E-01  6.845471E-01  6.642665E-09
3.000000E-01  6.613119E-01  5.898129E-09
3.000000E-01  6.374240E-01  5.212462E-09
3.000000E-01  6.129071E-01  4.580034E-09
3.000000E-01  5.877853E-01  4.006970E-09
3.000000E-01  5.620834E-01  3.481154E-09
3.000000E-01  5.358268E-01  3.012629E-09
3.000000E-01  5.090414E-01  2.596133E-09
3.000000E-01  4.817537E-01  2.224763E-09
3.000000E-01  4.539905E-01  1.896089E-09
3.000000E-01  4.257793E-01  1.608400E-09
3.000000E-01  3.971479E-01  1.357568E-09
3.000000E-01  3.681246E-01  1.139512E-09
3.000000E-01  3.387379E-01  9.507005E-10
3.000000E-01  3.090170E-01  7.922778E-10
3.000000E-01  2.789911E-01  6.561059E-10
3.000000E-01  2.486899E-01  5.405013E-10
3.000000E-01  2.181432E-01  4.438012E-10
3.000000E-01  1.873813E-01  3.629082E-10
3.000000E-01  1.564345E-01  2.954977E-10
3.000000E-01  1.253332E-01  2.395021E-10
3.000000E-01  9.410831E-02  1.935189E-10
3.000000E-01  6.279052E-02  1.556418E-10
3.000000E-01  3.141076E-02  1.250745E-10
3.000000E-01  -1.271035E-15  1.000163E-10
3.200000E-01  1.000000E+00  3.836911E-08
3.200000E-01  9.995066E-01  3.842440E-08
3.200000E-01  9.980267E-01  3.817040E-08
3.200000E-01  9.955620E-01  3.776807E-08
3.200000E-01  9.921147E-01  3.727092E-08
3.200000E-01  9.876883E-01  3.539168E-08
3.200000E-01  9.822873E-01  3.571000E-08
3.200000E-01  9.759168E-01  3.475706E-08
3.200000E-01  9.685832E-01  3.365778E-08
3.200000E-01  9.602937E-01  3.245934E-08
3.200000E-01  9.510565E-01  3.115879E-08
3.200000E-01  9.408808E-01  2.978001E-08
3.200000E-01  9.297765E-01  2.830784E-08
3.200000E-01  9.177546E-01  2.676210E-08
3.200000E-01  9.048271E-01  2.517680E-08
3.200000E-01  8.910065E-01  2.352154E-08
3.200000E-01  8.763067E-01  2.206291E-08
3.200000E-01  8.607420E-01  2.049724E-08
3.200000E-01  8.443279E-01  1.893636E-08
3.200000E-01  8.270806E-01  1.740793E-08
3.200000E-01  8.090170E-01  1.592085E-08
3.200000E-01  7.901550E-01  1.448499E-08
3.200000E-01  7.705132E-01  1.310581E-08
3.200000E-01  7.501111E-01  1.179321E-08
3.200000E-01  7.289686E-01  1.055857E-08
3.200000E-01  7.071068E-01  9.399009E-09
3.200000E-01  6.845471E-01  8.322480E-09
3.200000E-01  6.613119E-01  7.416869E-09
3.200000E-01  6.374240E-01  6.414272E-09
3.200000E-01  6.129071E-01  5.586991E-09
3.200000E-01  5.877853E-01  4.834868E-09
3.200000E-01  5.620834E-01  4.176866E-09
3.200000E-01  5.358268E-01  3.560781E-09
3.200000E-01  5.090414E-01  3.031080E-09
3.200000E-01  4.817537E-01  2.565780E-09
3.200000E-01  4.539905E-01  2.159529E-09
3.200000E-01  4.257793E-01  1.807487E-09
3.200000E-01  3.971479E-01  1.504288E-09
3.200000E-01  3.681246E-01  1.244828E-09
3.200000E-01  3.387379E-01  1.024991E-09
3.200000E-01  3.090170E-01  8.394649E-10
3.200000E-01  2.789911E-01  6.840099E-10
3.200000E-01  2.486899E-01  5.546731E-10
3.200000E-01  2.181432E-01  4.491358E-10
3.200000E-01  1.873813E-01  3.593349E-10
3.200000E-01  1.564345E-01  2.873827E-10
3.200000E-01  1.253332E-01  2.287588E-10
3.200000E-01  9.410831E-02  1.813790E-10
3.200000E-01  6.279052E-02  1.432280E-10
3.200000E-01  3.141076E-02  1.126556E-10
3.200000E-01  -1.271035E-15  8.832868E-11
3.400000E-01  1.000000E+00  5.099523E-08
3.400000E-01  9.995066E-01  5.084326E-08
3.400000E-01  9.980267E-01  5.054366E-08
3.400000E-01  9.955620E-01  4.999495E-08
3.400000E-01  9.921147E-01  4.926306E-08
3.400000E-01  9.876883E-01  4.669777E-08
3.400000E-01  9.822873E-01  4.716585E-08
3.400000E-01  9.759168E-01  4.584431E-08
3.400000E-01  9.685832E-01  4.435699E-08
3.400000E-01  9.602937E-01  4.271198E-08
3.400000E-01  9.510565E-01  4.093434E-08
3.400000E-01  9.408808E-01  3.902854E-08
3.400000E-01  9.297765E-01  3.697642E-08
3.400000E-01  9.177546E-01  3.489469E-08
3.400000E-01  9.048271E-01  3.272283E-08
3.400000E-01  8.910065E-01  3.063374E-08
3.400000E-01  8.763067E-01  2.842480E-08
3.400000E-01  8.607420E-01  2.635645E-08
3.400000E-01  8.443279E-01  2.424924E-08
3.400000E-01  8.270806E-01  2.221619E-08
3.400000E-01  8.090170E-01  2.021949E-08
3.400000E-01  7.901550E-01  1.829511E-08
3.400000E-01  7.705132E-01  1.645811E-08
3.400000E-01  7.501111E-01  1.471404E-08
3.400000E-01  7.289686E-01  1.308357E-08
3.400000E-01  7.071068E-01  1.156268E-08
3.400000E-01  6.845471E-01  1.015829E-08
3.400000E-01  6.613119E-01  8.867565E-09
3.400000E-01  6.374240E-01  7.694556E-09
3.400000E-01  6.129071E-01  6.634135E-09
3.400000E-01  5.877853E-01  5.699261E-09
3.400000E-01  5.620834E-01  4.840769E-09
3.400000E-01  5.358268E-01  4.097587E-09
3.400000E-01  5.090414E-01  3.446326E-09
3.400000E-01  4.817537E-01  2.882116E-09
3.400000E-01  4.539905E-01  2.393327E-09
3.400000E-01  4.257793E-01  1.978877E-09
3.400000E-01  3.971479E-01  1.620958E-09
3.400000E-01  3.681246E-01  1.321880E-09
3.400000E-01  3.387379E-01  1.071632E-09
3.400000E-01  3.090170E-01  8.638220E-10
3.400000E-01  2.789911E-01  6.919963E-10
3.400000E-01  2.486899E-01  5.518416E-10
3.400000E-01  2.181432E-01  4.375104E-10
3.400000E-01  1.873813E-01  3.441854E-10
3.400000E-01  1.564345E-01  2.707678E-10
3.400000E-01  1.253332E-01  2.113476E-10
3.400000E-01  9.410831E-02  1.643746E-10
3.400000E-01  6.279052E-02  1.272200E-10
3.400000E-01  3.141076E-02  9.805537E-11
3.400000E-01  -1.271035E-15  7.529319E-11
3.600000E-01  1.000000E+00  6.594829E-08
3.600000E-01  9.995066E-01  6.562655E-08
3.600000E-01  9.980267E-01  6.520647E-08
3.600000E-01  9.955620E-01  6.449119E-08
3.600000E-01  9.921147E-01  6.349944E-08
3.600000E-01  9.876883E-01  6.005043E-08
3.600000E-01  9.822873E-01  6.071313E-08
3.600000E-01  9.759168E-01  5.892789E-08
3.600000E-01  9.685832E-01  5.697052E-08
3.600000E-01  9.602937E-01  5.478431E-08
3.600000E-01  9.510565E-01  5.242149E-08
3.600000E-01  9.408808E-01  4.987726E-08
3.600000E-01  9.297765E-01  4.715723E-08
3.600000E-01  9.177546E-01  4.442918E-08
3.600000E-01  9.048271E-01  4.158757E-08
3.600000E-01  8.910065E-01  3.871100E-08
3.600000E-01  8.763067E-01  3.584964E-08
3.600000E-01  8.607420E-01  3.304275E-08
3.600000E-01  8.443279E-01  3.029515E-08
3.600000E-01  8.270806E-01  2.766232E-08
3.600000E-01  8.090170E-01  2.504989E-08
3.600000E-01  7.901550E-01  2.254733E-08
3.600000E-01  7.705132E-01  2.016812E-08
3.600000E-01  7.501111E-01  1.792539E-08
3.600000E-01  7.289686E-01  1.582805E-08
3.600000E-01  7.071068E-01  1.388806E-08
3.600000E-01  6.845471E-01  1.209805E-08
3.600000E-01  6.613119E-01  1.047574E-08
3.600000E-01  6.374240E-01  9.009927E-09
3.600000E-01  6.129071E-01  7.693652E-09
3.600000E-01  5.877853E-01  6.527010E-09
3.600000E-01  5.620834E-01  5.494878E-09
3.600000E-01  5.358268E-01  4.599854E-09
3.600000E-01  5.090414E-01  3.821639E-09
3.600000E-01  4.817537E-01  3.154339E-09
3.600000E-01  4.539905E-01  2.584870E-09
3.600000E-01  4.257793E-01  2.104044E-09
3.600000E-01  3.971479E-01  1.701242E-09
3.600000E-01  3.681246E-01  1.366172E-09
3.600000E-01  3.387379E-01  1.089896E-09
3.600000E-01  3.090170E-01  8.641009E-10
3.600000E-01  2.789911E-01  6.811713E-10
3.600000E-01  2.486899E-01  5.326406E-10
3.600000E-01  2.181432E-01  4.146750E-10
3.600000E-01  1.873813E-01  3.209580E-10
3.600000E-01  1.564345E-01  2.470538E-10
3.600000E-01  1.253332E-01  1.890959E-10
3.600000E-01  9.410831E-02  1.440706E-10
3.600000E-01  6.279052E-02  1.092354E-10
3.600000E-01  3.141076E-02  8.243451E-11
3.600000E-01  -1.271035E-15  6.195528E-11
3.800000E-01  1.000000E+00  8.291871E-08
3.800000E-01  9.995066E-01  8.274759E-08
3.800000E-01  9.980267E-01  8.215193E-08
3.800000E-01  9.955620E-01  8.129428E-08
3.800000E-01  9.921147E-01  7.997925E-08
3.800000E-01  9.876883E-01  7.542302E-08
3.800000E-01  9.822873E-01  7.637751E-08
3.800000E-01  9.759168E-01  7.409513E-08
3.800000E-01  9.685832E-01  7.152300E-08
3.800000E-01  9.602937E-01  6.869238E-08
3.800000E-01  9.510565E-01  6.562264E-08
3.800000E-01  9.408808E-01  6.222677E-08
3.800000E-01  9.297765E-01  5.893213E-08
3.800000E-01  9.177546E-01  5.528746E-08
3.800000E-01  9.048271E-01  5.168417E-08
3.800000E-01  8.910065E-01  4.798625E-08
3.800000E-01  8.763067E-01  4.425364E-08
3.800000E-01  8.607420E-01  4.059072E-08
3.800000E-01  8.443279E-01  3.701688E-08
3.800000E-01  8.270806E-01  3.363087E-08
3.800000E-01  8.090170E-01  3.043680E-08
3.800000E-01  7.901550E-01  2.717054E-08
3.800000E-01  7.705132E-01  2.416859E-08
3.800000E-01  7.501111E-01  2.134866E-08
3.800000E-01  7.289686E-01  1.872416E-08
3.800000E-01  7.071068E-01  1.631309E-08
3.800000E-01  6.845471E-01  1.410165E-08
3.800000E-01  6.613119E-01  1.210369E-08
3.800000E-01  6.374240E-01  1.031434E-08
3.800000E-01  6.129071E-01  8.722570E-09
3.800000E-01  5.877853E-01  7.320785E-09
3.800000E-01  5.620834E-01  6.097830E-09
3.800000E-01  5.358268E-01  5.045188E-09
3.800000E-01  5.090414E-01  4.141215E-09
3.800000E-01  4.817537E-01  3.371510E-09
3.800000E-01  4.539905E-01  2.724142E-09
3.800000E-01  4.257793E-01  2.186152E-09
3.800000E-01  3.971479E-01  1.741229E-09
3.800000E-01  3.681246E-01  1.376196E-09
3.800000E-01  3.387379E-01  1.080326E-09
3.800000E-01  3.090170E-01  8.421482E-10
3.800000E-01  2.789911E-01  6.520068E-10
3.800000E-01  2.486899E-01  5.014275E-10
3.800000E-01  2.181432E-01  3.830067E-10
3.800000E-01  1.873813E-01  2.907996E-10
3.800000E-01  1.564345E-01  2.193932E-10
3.800000E-01  1.253332E-01  1.645546E-10
3.800000E-01  9.410831E-02  1.227649E-10
3.800000E-01  6.279052E-02  9.106440E-11
3.800000E-01  3.141076E-02  6.724809E-11
3.800000E-01  -1.271035E-15  4.943917E-11
4.000000E-01  1.000000E+00  1.025183E-07
4.000000E-01  9.995066E-01  1.022776E-07
4.000000E-01  9.980267E-01  1.015612E-07
4.000000E-01  9.955620E-01  1.003959E-07
4.000000E-01  9.921147E-01  9.874427E-08
4.000000E-01  9.876883E-01  9.291340E-08
4.000000E-01  9.822873E-01  9.420563E-08
4.000000E-01  9.759168E-01  9.131825E-08
4.000000E-01  9.685832E-01  8.807794E-08
4.000000E-01  9.602937E-01  8.447292E-08
4.000000E-01  9.510565E-01  8.056942E-08
4.000000E-01  9.408808E-01  7.627010E-08
4.000000E-01  9.297765E-01  7.195464E-08
4.000000E-01  9.177546E-01  6.749025E-08
4.000000E-01  9.048271E-01  6.291282E-08
4.000000E-01  8.910065E-01  5.831677E-08
4.000000E-01  8.763067E-01  5.370666E-08
4.000000E-01  8.607420E-01  4.913305E-08
4.000000E-01  8.443279E-01  4.463394E-08
4.000000E-01  8.270806E-01  4.026543E-08
4.000000E-01  8.090170E-01  3.610552E-08
4.000000E-01  7.901550E-01  3.218430E-08
4.000000E-01  7.705132E-01  2.842987E-08
4.000000E-01  7.501111E-01  2.495542E-08
4.000000E-01  7.289686E-01  2.177914E-08
4.000000E-01  7.071068E-01  1.879604E-08
4.000000E-01  6.845471E-01  1.611865E-08
4.000000E-01  6.613119E-01  1.371296E-08
4.000000E-01  6.374240E-01  6.013672E-09
4.000000E-01  6.129071E-01  4.909587E-09
4.000000E-01  5.877853E-01  8.046150E-09
4.000000E-01  5.620834E-01  6.625984E-09
4.000000E-01  5.358268E-01  5.416955E-09
4.000000E-01  5.090414E-01  4.384359E-09
4.000000E-01  4.817537E-01  3.524481E-09
4.000000E-01  4.539905E-01  2.807856E-09
4.000000E-01  4.257793E-01  2.219812E-09
4.000000E-01  3.971479E-01  1.740669E-09
4.000000E-01  3.681246E-01  1.354300E-09
4.000000E-01  3.387379E-01  1.045070E-09
4.000000E-01  3.090170E-01  8.004379E-10
4.000000E-01  2.789911E-01  6.085878E-10
4.000000E-01  2.486899E-01  4.592428E-10
4.000000E-01  2.181432E-01  3.440885E-10
4.000000E-01  1.873813E-01  9.142913E-11
4.000000E-01  1.564345E-01  6.644156E-11
4.000000E-01  1.253332E-01  1.389279E-10
4.000000E-01  9.410831E-02  1.013944E-10
4.000000E-01  6.279052E-02  7.353975E-11
4.000000E-01  3.141076E-02  5.311065E-11
4.000000E-01  -1.271035E-15  3.816154E-11
4.200000E-01  1.000000E+00  1.247243E-07
4.200000E-01  9.995066E-01  1.244293E-07
4.200000E-01  9.980267E-01  1.235512E-07
4.200000E-01  9.955620E-01  1.219086E-07
4.200000E-01  9.921147E-01  1.200567E-07
4.200000E-01  9.876883E-01  1.127498E-07
4.200000E-01  9.822873E-01  1.143700E-07
4.200000E-01  9.759168E-01  1.107706E-07
4.200000E-01  9.685832E-01  1.067002E-07
4.200000E-01  9.602937E-01  1.022198E-07
4.200000E-01  9.510565E-01  9.736564E-08
4.200000E-01  9.408808E-01  9.200316E-08
4.200000E-01  9.297765E-01  8.664145E-08
4.200000E-01  9.177546E-01  8.106462E-08
4.200000E-01  9.048271E-01  7.541330E-08
4.200000E-01  8.910065E-01  6.969430E-08
4.200000E-01  8.763067E-01  6.396375E-08
4.200000E-01  8.607420E-01  5.834192E-08
4.200000E-01  8.443279E-01  5.280994E-08
4.200000E-01  8.270806E-01  4.763631E-08
4.200000E-01  8.090170E-01  4.233595E-08
4.200000E-01  7.901550E-01  3.747445E-08
4.200000E-01  7.705132E-01  1.950431E-08
4.200000E-01  7.501111E-01  1.661915E-08
4.200000E-01  7.289686E-01  2.482910E-08
4.200000E-01  7.071068E-01  2.129775E-08
4.200000E-01  6.845471E-01  1.811323E-08
4.200000E-01  6.613119E-01  1.526463E-08
4.200000E-01  6.374240E-01  1.276001E-08
4.200000E-01  6.129071E-01  1.057298E-08
4.200000E-01  5.877853E-01  8.684098E-09
4.200000E-01  5.620834E-01  7.067757E-09
4.200000E-01  5.358268E-01  5.701478E-09
4.200000E-01  5.090414E-01  4.558087E-09
4.200000E-01  4.817537E-01  3.612566E-09
4.200000E-01  4.539905E-01  2.837184E-09
4.200000E-01  4.257793E-01  2.207682E-09
4.200000E-01  3.971479E-01  1.704287E-09
4.200000E-01  3.681246E-01  1.302785E-09
4.200000E-01  3.387379E-01  9.879745E-10
4.200000E-01  3.090170E-01  7.431952E-10
4.200000E-01  2.789911E-01  5.544480E-10
4.200000E-01  2.486899E-01  4.103529E-10
4.200000E-01  2.181432E-01  3.013322E-10
4.200000E-01  1.873813E-01  2.196052E-10
4.200000E-01  1.564345E-01  1.589044E-10
4.200000E-01  1.253332E-01  1.141476E-10
4.200000E-01  9.410831E-02  8.146235E-11
4.200000E-01  6.279052E-02  5.776403E-11
4.200000E-01  3.141076E-02  4.074989E-11
4.200000E-01  -1.271035E-15  8.824551E-12
4.400000E-01  1.000000E+00  1.501924E-07
4.400000E-01  9.995066E-01  1.498248E-07
4.400000E-01  9.980267E-01  1.486927E-07
4.400000E-01  9.955620E-01  1.468864E-07
4.400000E-01  9.921147E-01  1.444424E-07
4.400000E-01  9.876883E-01  1.353737E-07
4.400000E-01  9.822873E-01  1.373918E-07
4.400000E-01  9.759168E-01  1.329655E-07
4.400000E-01  9.685832E-01  1.279366E-07
4.400000E-01  9.602937E-01  1.224076E-07
4.400000E-01  9.510565E-01  1.164152E-07
4.400000E-01  9.408808E-01  1.098207E-07
4.400000E-01  9.297765E-01  1.030775E-07
4.400000E-01  9.177546E-01  9.635592E-08
4.400000E-01  9.048271E-01  8.939733E-08
4.400000E-01  8.910065E-01  8.235493E-08
4.400000E-01  8.763067E-01  7.537297E-08
4.400000E-01  8.607420E-01  6.849795E-08
4.400000E-01  8.443279E-01  6.173095E-08
4.400000E-01  8.270806E-01  3.477980E-08
4.400000E-01  8.090170E-01  4.901370E-08
4.400000E-01  7.901550E-01  4.326129E-08
4.400000E-01  7.705132E-01  3.768445E-08
4.400000E-01  7.501111E-01  3.262679E-08
4.400000E-01  7.289686E-01  2.798016E-08
4.400000E-01  7.071068E-01  2.381822E-08
4.400000E-01  6.845471E-01  2.007694E-08
4.400000E-01  6.613119E-01  1.677349E-08
4.400000E-01  6.374240E-01  1.387669E-08
4.400000E-01  6.129071E-01  1.137594E-08
4.400000E-01  5.877853E-01  9.234781E-09
4.400000E-01  5.620834E-01  7.426284E-09
4.400000E-01  5.358268E-01  5.913478E-09
4.400000E-01  5.090414E-01  4.661120E-09
4.400000E-01  4.817537E-01  3.640801E-09
4.400000E-01  4.539905E-01  2.849316E-09
4.400000E-01  4.257793E-01  2.157358E-09
4.400000E-01  3.971479E-01  1.637435E-09
4.400000E-01  3.681246E-01  1.230891E-09
4.400000E-01  3.387379E-01  9.167918E-10
4.400000E-01  3.090170E-01  6.767627E-10
4.400000E-01  2.789911E-01  4.951670E-10
4.400000E-01  2.486899E-01  3.591151E-10
4.400000E-01  2.181432E-01  2.583146E-10
4.400000E-01  1.873813E-01  1.842617E-10
4.400000E-01  1.564345E-01  1.304433E-10
4.400000E-01  1.253332E-01  9.158705E-11
4.400000E-01  9.410831E-02  6.387951E-11
4.400000E-01  6.279052E-02  4.422965E-11
4.400000E-01  3.141076E-02  3.046489E-11
4.400000E-01  -1.271035E-15  2.085602E-11
4.600000E-01  1.000000E+00  1.806320E-07
4.600000E-01  9.995066E-01  1.802134E-07
4.600000E-01  9.980267E-01  1.786526E-07
4.600000E-01  9.955620E-01  1.766148E-07
4.600000E-01  9.921147E-01  1.734647E-07
4.600000E-01  9.876883E-01  1.624031E-07
4.600000E-01  9.822873E-01  1.648539E-07
4.600000E-01  9.759168E-01  1.593398E-07
4.600000E-01  9.685832E-01  1.531759E-07
4.600000E-01  9.602937E-01  1.463168E-07
4.600000E-01  9.510565E-01  1.386886E-07
4.600000E-01  9.408808E-01  1.308827E-07
4.600000E-01  9.297765E-01  1.226585E-07
4.600000E-01  9.177546E-01  1.142771E-07
4.600000E-01  9.048271E-01  1.055774E-07
4.600000E-01  8.910065E-01  9.714689E-08
4.600000E-01  8.763067E-01  8.850715E-08
4.600000E-01  8.607420E-01  5.247490E-08
4.600000E-01  8.443279E-01  7.187432E-08
4.600000E-01  8.270806E-01  6.398839E-08
4.600000E-01  8.090170E-01  5.648994E-08
4.600000E-01  7.901550E-01  4.943851E-08
4.600000E-01  7.705132E-01  4.288726E-08
4.600000E-01  7.501111E-01  3.687679E-08
4.600000E-01  7.289686E-01  3.139279E-08
4.600000E-01  7.071068E-01  2.647871E-08
4.600000E-01  6.845471E-01  2.212067E-08
4.600000E-01  6.613119E-01  1.829586E-08
4.600000E-01  6.374240E-01  1.510929E-08
4.600000E-01  6.129071E-01  1.214000E-08
4.600000E-01  5.877853E-01  9.732000E-09
4.600000E-01  5.620834E-01  7.726629E-09
4.600000E-01  5.358268E-01  6.070135E-09
4.600000E-01  5.090414E-01  4.720398E-09
4.600000E-01  4.817537E-01  3.632032E-09
4.600000E-01  4.539905E-01  2.765588E-09
4.600000E-01  4.257793E-01  2.083948E-09
4.600000E-01  3.971479E-01  1.553520E-09
4.600000E-01  3.681246E-01  1.147021E-09
4.600000E-01  3.387379E-01  8.385607E-10
4.600000E-01  3.090170E-01  6.071841E-10
4.600000E-01  2.789911E-01  4.353361E-10
4.600000E-01  2.486899E-01  3.092523E-10
4.600000E-01  2.181432E-01  2.176979E-10
4.600000E-01  1.873813E-01  1.519293E-10
4.600000E-01  1.564345E-01  1.051350E-10
4.600000E-01  1.253332E-01  7.212836E-11
4.600000E-01  9.410831E-02  4.912209E-11
4.600000E-01  6.279052E-02  3.319036E-11
4.600000E-01  3.141076E-02  2.230887E-11
4.600000E-01  -1.271035E-15  1.489921E-11
4.800000E-01  1.000000E+00  2.212161E-07
4.800000E-01  9.995066E-01  2.203460E-07
4.800000E-01  9.980267E-01  2.195171E-07
4.800000E-01  9.955620E-01  2.167723E-07
4.800000E-01  9.921147E-01  2.127945E-07
4.800000E-01  9.876883E-01  1.984593E-07
4.800000E-01  9.822873E-01  2.016323E-07
4.800000E-01  9.759168E-01  1.947856E-07
4.800000E-01  9.685832E-01  1.868721E-07
4.800000E-01  9.602937E-01  1.782762E-07
4.800000E-01  9.510565E-01  1.682518E-07
4.800000E-01  9.408808E-01  1.585149E-07
4.800000E-01  9.297765E-01  1.481963E-07
4.800000E-01  9.177546E-01  1.370581E-07
4.800000E-01  9.048271E-01  1.269403E-07
4.800000E-01  8.910065E-01  1.161189E-07
4.800000E-01  8.763067E-01  7.018806E-08
4.800000E-01  8.607420E-01  9.493088E-08
4.800000E-01  8.443279E-01  8.486507E-08
4.800000E-01  8.270806E-01  7.509425E-08
4.800000E-01  8.090170E-01  6.589263E-08
4.800000E-01  7.901550E-01  5.731105E-08
4.800000E-01  7.705132E-01  4.931059E-08
4.800000E-01  7.501111E-01  4.205299E-08
4.800000E-01  7.289686E-01  3.552222E-08
4.800000E-01  7.071068E-01  2.968079E-08
4.800000E-01  6.845471E-01  2.474510E-08
4.800000E-01  6.613119E-01  2.009935E-08
4.800000E-01  6.374240E-01  1.625005E-08
4.800000E-01  6.129071E-01  1.300880E-08
4.800000E-01  5.877853E-01  1.033771E-08
4.800000E-01  5.620834E-01  8.074684E-09
4.800000E-01  5.358268E-01  6.252098E-09
4.800000E-01  5.090414E-01  4.790033E-09
4.800000E-01  4.817537E-01  3.628411E-09
4.800000E-01  4.539905E-01  2.717898E-09
4.800000E-01  4.257793E-01  2.013715E-09
4.800000E-01  3.971479E-01  1.475162E-09
4.800000E-01  3.681246E-01  1.067696E-09
4.800000E-01  3.387379E-01  7.662996E-10
4.800000E-01  3.090170E-01  5.438549E-10
4.800000E-01  2.789911E-01  3.820363E-10
4.800000E-01  2.486899E-01  2.656782E-10
4.800000E-01  2.181432E-01  1.829089E-10
4.800000E-01  1.873813E-01  1.247983E-10
4.800000E-01  1.564345E-01  8.440606E-11
4.800000E-01  1.253332E-01  5.653894E-11
4.800000E-01  9.410831E-02  3.761079E-11
4.800000E-01  6.279052E-02  2.480085E-11
4.800000E-01  3.141076E-02  1.623516E-11
4.800000E-01  -1.271035E-15  1.057854E-11
5.000000E-01  1.000000E+00  2.763324E-07
5.000000E-01  9.995066E-01  2.751248E-07
5.000000E-01  9.980267E-01  2.736971E-07
5.000000E-01  9.955620E-01  2.693760E-07
5.000000E-01  9.921147E-01  2.644186E-07
5.000000E-01  9.876883E-01  2.495457E-07
5.000000E-01  9.822873E-01  2.503423E-07
5.000000E-01  9.759168E-01  2.415934E-07
5.000000E-01  9.685832E-01  2.312373E-07
5.000000E-01  9.602937E-01  2.198248E-07
5.000000E-01  9.510565E-01  2.086880E-07
5.000000E-01  9.408808E-01  1.954706E-07
5.000000E-01  9.297765E-01  1.822998E-07
5.000000E-01  9.177546E-01  1.668759E-07
5.000000E-01  9.048271E-01  1.053447E-07
5.000000E-01  8.910065E-01  1.408492E-07
5.000000E-01  8.763067E-01  1.281163E-07
5.000000E-01  8.607420E-01  1.143510E-07
5.000000E-01  8.443279E-01  1.014590E-07
5.000000E-01  8.270806E-01  8.933942E-08
5.000000E-01  8.090170E-01  7.810182E-08
5.000000E-01  7.901550E-01  6.743537E-08
5.000000E-01  7.705132E-01  5.760687E-08
5.000000E-01  7.501111E-01  4.859157E-08
5.000000E-01  7.289686E-01  4.053812E-08
5.000000E-01  7.071068E-01  3.395883E-08
5.000000E-01  6.845471E-01  2.755112E-08
5.000000E-01  6.613119E-01  2.232838E-08
5.000000E-01  6.374240E-01  1.784993E-08
5.000000E-01  6.129071E-01  1.412579E-08
5.000000E-01  5.877853E-01  1.106287E-08
5.000000E-01  5.620834E-01  8.559899E-09
5.000000E-01  5.358268E-01  6.517481E-09
5.000000E-01  5.090414E-01  4.918264E-09
5.000000E-01  4.817537E-01  3.661095E-09
5.000000E-01  4.539905E-01  2.694396E-09
5.000000E-01  4.257793E-01  1.958006E-09
5.000000E-01  3.971479E-01  1.405647E-09
5.000000E-01  3.681246E-01  1.003934E-09
5.000000E-01  3.387379E-01  7.024986E-10
5.000000E-01  3.090170E-01  5.742804E-10
5.000000E-01  2.789911E-01  3.361280E-10
5.000000E-01  2.486899E-01  2.292671E-10
5.000000E-01  2.181432E-01  1.541508E-10
5.000000E-01  1.873813E-01  1.029136E-10
5.000000E-01  1.564345E-01  6.794374E-11
5.000000E-01  1.253332E-01  4.460745E-11
5.000000E-01  9.410831E-02  2.880583E-11
5.000000E-01  6.279052E-02  1.828589E-11
5.000000E-01  3.141076E-02  1.176738E-11
5.000000E-01  -1.271035E-15  7.526138E-12
5.200000E-01  1.000000E+00  3.405182E-07
5.200000E-01  9.995066E-01  3.362094E-07
5.200000E-01  9.980267E-01  3.290328E-07
5.200000E-01  9.955620E-01  3.372588E-07
5.200000E-01  9.921147E-01  3.237518E-07
5.200000E-01  9.876883E-01  3.128400E-07
5.200000E-01  9.822873E-01  3.078768E-07
5.200000E-01  9.759168E-01  2.918989E-07
5.200000E-01  9.685832E-01  2.811877E-07
5.200000E-01  9.602937E-01  2.679565E-07
5.200000E-01  9.510565E-01  2.540296E-07
5.200000E-01  9.408808E-01  2.351063E-07
5.200000E-01  9.297765E-01  2.208503E-07
5.200000E-01  9.177546E-01  2.018308E-07
5.200000E-01  9.048271E-01  1.876916E-07
5.200000E-01  8.910065E-01  1.680839E-07
5.200000E-01  8.763067E-01  1.531797E-07
5.200000E-01  8.607420E-01  1.337973E-07
5.200000E-01  8.443279E-01  1.194545E-07
5.200000E-01  8.270806E-01  1.059765E-07
5.200000E-01  8.090170E-01  9.095796E-08
5.200000E-01  7.901550E-01  7.851602E-08
5.200000E-01  7.705132E-01  6.590270E-08
5.200000E-01  7.501111E-01  5.555172E-08
5.200000E-01  7.289686E-01  4.606880E-08
5.200000E-01  7.071068E-01  3.801452E-08
5.200000E-01  6.845471E-01  3.089272E-08
5.200000E-01  6.613119E-01  2.459914E-08
5.200000E-01  6.374240E-01  1.946395E-08
5.200000E-01  6.129071E-01  1.544251E-08
5.200000E-01  5.877853E-01  1.174580E-08
5.200000E-01  5.620834E-01  8.878926E-09
5.200000E-01  5.358268E-01  6.610032E-09
5.200000E-01  5.090414E-01  4.940064E-09
5.200000E-01  4.817537E-01  3.645528E-09
5.200000E-01  4.539905E-01  2.610711E-09
5.200000E-01  4.257793E-01  1.856667E-09
5.200000E-01  3.971479E-01  1.281788E-09
5.200000E-01  3.681246E-01  9.260552E-10
5.200000E-01  3.387379E-01  6.380810E-10
5.200000E-01  3.090170E-01  4.359314E-10
5.200000E-01  2.789911E-01  2.958286E-10
5.200000E-01  2.486899E-01  1.937605E-10
5.200000E-01  2.181432E-01  1.268015E-10
5.200000E-01  1.873813E-01  8.462451E-11
5.200000E-01  1.564345E-01  5.405864E-11
5.200000E-01  1.253332E-01  3.420221E-11
5.200000E-01  9.410831E-02  2.110440E-11
5.200000E-01  6.279052E-02  1.326562E-11
5.200000E-01  3.141076E-02  8.279725E-12
5.200000E-01  -1.271035E-15  5.222912E-12
5.400000E-01  1.000000E+00  3.821416E-07
5.400000E-01  9.995066E-01  -1.952842E-08
5.400000E-01  9.980267E-01  4.037377E-07
5.400000E-01  9.955620E-01  3.737004E-07
5.400000E-01  9.921147E-01  3.612886E-07
5.400000E-01  9.876883E-01  3.591241E-07
5.400000E-01  9.822873E-01  3.448588E-07
5.400000E-01  9.759168E-01  3.487623E-07
5.400000E-01  9.685832E-01  3.277759E-07
5.400000E-01  9.602937E-01  3.053635E-07
5.400000E-01  9.510565E-01  2.946698E-07
5.400000E-01  9.408808E-01  2.721497E-07
5.400000E-01  9.297765E-01  2.460704E-07
5.400000E-01  9.177546E-01  2.295503E-07
5.400000E-01  9.048271E-01  2.114887E-07
5.400000E-01  8.910065E-01  1.998851E-07
5.400000E-01  8.763067E-01  1.762317E-07
5.400000E-01  8.607420E-01  1.513739E-07
5.400000E-01  8.443279E-01  1.329257E-07
5.400000E-01  8.270806E-01  1.152792E-07
5.400000E-01  8.090170E-01  9.729152E-08
5.400000E-01  7.901550E-01  8.492370E-08
5.400000E-01  7.705132E-01  7.849442E-08
5.400000E-01  7.501111E-01  5.970649E-08
5.400000E-01  7.289686E-01  4.923079E-08
5.400000E-01  7.071068E-01  4.044463E-08
5.400000E-01  6.845471E-01  3.106109E-08
5.400000E-01  6.613119E-01  2.653716E-08
5.400000E-01  6.374240E-01  2.007093E-08
5.400000E-01  6.129071E-01  1.539500E-08
5.400000E-01  5.877853E-01  1.165026E-08
5.400000E-01  5.620834E-01  8.783303E-09
5.400000E-01  5.358268E-01  6.480435E-09
5.400000E-01  5.090414E-01  4.659412E-09
5.400000E-01  4.817537E-01  3.443516E-09
5.400000E-01  4.539905E-01  2.514681E-09
5.400000E-01  4.257793E-01  1.678259E-09
5.400000E-01  3.971479E-01  1.182175E-09
5.400000E-01  3.681246E-01  8.363418E-10
5.400000E-01  3.387379E-01  5.298764E-10
5.400000E-01  3.090170E-01  3.542810E-10
5.400000E-01  2.789911E-01  2.307032E-10
5.400000E-01  2.486899E-01  1.522895E-10
5.400000E-01  2.181432E-01  9.851270E-11
5.400000E-01  1.873813E-01  6.228791E-11
5.400000E-01  1.564345E-01  3.916541E-11
5.400000E-01  1.253332E-01  2.402628E-11
5.400000E-01  9.410831E-02  1.408869E-11
5.400000E-01  6.279052E-02  9.310360E-12
5.400000E-01  3.141076E-02  5.424631E-12
5.400000E-01  -1.271035E-15  3.255251E-12
5.600000E-01  1.000000E+00  4.076764E-07
5.600000E-01  9.995066E-01  4.145837E-07
5.600000E-01  9.980267E-01  3.989415E-07
5.600000E-01  9.955620E-01  3.728840E-07
5.600000E-01  9.921147E-01  3.759905E-07
5.600000E-01  9.876883E-01  3.774286E-07
5.600000E-01  9.822873E-01  3.610004E-07
5.600000E-01  9.759168E-01  3.427518E-07
5.600000E-01  9.685832E-01  3.232533E-07
5.600000E-01  9.602937E-01  3.206359E-07
5.600000E-01  9.510565E-01  3.060002E-07
5.600000E-01  9.408808E-01  2.892178E-07
5.600000E-01  9.297765E-01  2.600111E-07
5.600000E-01  9.177546E-01  2.388521E-07
5.600000E-01  9.048271E-01  2.211241E-07
5.600000E-01  8.910065E-01  2.021369E-07
5.600000E-01  8.763067E-01  1.744437E-07
5.600000E-01  8.607420E-01  1.651748E-07
5.600000E-01  8.443279E-01  1.363374E-07
5.600000E-01  8.270806E-01  1.225272E-07
5.600000E-01  8.090170E-01  9.931531E-08
5.600000E-01  7.901550E-01  1.840129E-07
5.600000E-01  7.705132E-01  7.852040E-08
5.600000E-01  7.501111E-01  6.272539E-08
5.600000E-01  7.289686E-01  4.796386E-08
5.600000E-01  7.071068E-01  4.046396E-08
5.600000E-01  6.845471E-01  3.074611E-08
5.600000E-01  6.613119E-01  2.904372E-08
5.600000E-01  6.374240E-01  1.880259E-08
5.600000E-01  6.129071E-01  1.433165E-08
5.600000E-01  5.877853E-01  1.139019E-08
5.600000E-01  5.620834E-01  8.121057E-09
5.600000E-01  5.358268E-01  5.895193E-09
5.600000E-01  5.090414E-01  4.429970E-09
5.600000E-01  4.817537E-01  3.145662E-09
5.600000E-01  4.539905E-01  2.373256E-09
5.600000E-01  4.257793E-01  1.445360E-09
5.600000E-01  3.971479E-01  1.059988E-09
5.600000E-01  3.681246E-01  6.294492E-10
5.600000E-01  3.387379E-01  4.462851E-10
5.600000E-01  3.090170E-01  2.739825E-10
5.600000E-01  2.789911E-01  1.876249E-10
5.600000E-01  2.486899E-01  1.109936E-10
5.600000E-01  2.181432E-01  6.869536E-11
5.600000E-01  1.873813E-01  4.359606E-11
5.600000E-01  1.564345E-01  2.567758E-11
5.600000E-01  1.253332E-01  1.589137E-11
5.600000E-01  9.410831E-02  9.683025E-12
5.600000E-01  6.279052E-02  5.594932E-12
5.600000E-01  3.141076E-02  3.245236E-12
5.600000E-01  -1.271035E-15  1.896543E-12
5.800000E-01  1.000000E+00  2.484716E-07
5.800000E-01  9.995066E-01  3.731092E-07
5.800000E-01  9.980267E-01  3.727528E-07
5.800000E-01  9.955620E-01  3.513001E-07
5.800000E-01  9.921147E-01  3.640723E-07
5.800000E-01  9.876883E-01  3.573033E-07
5.800000E-01  9.822873E-01  3.529538E-07
5.800000E-01  9.759168E-01  3.486721E-07
5.800000E-01  9.685832E-01  3.215075E-07
5.800000E-01  9.602937E-01  3.164734E-07
5.800000E-01  9.510565E-01  2.862351E-07
5.800000E-01  9.408808E-01  2.933845E-07
5.800000E-01  9.297765E-01  2.630938E-07
5.800000E-01  9.177546E-01  2.355238E-07
5.800000E-01  9.048271E-01  2.100637E-07
5.800000E-01  8.910065E-01  1.866509E-07
5.800000E-01  8.763067E-01  1.641873E-07
5.800000E-01  8.607420E-01  1.417835E-07
5.800000E-01  8.443279E-01  1.273116E-07
5.800000E-01  8.270806E-01  1.172011E-07
5.800000E-01  8.090170E-01  1.014123E-07
5.800000E-01  7.901550E-01  8.857342E-08
5.800000E-01  7.705132E-01  7.035212E-08
5.800000E-01  7.501111E-01  5.645174E-08
5.800000E-01  7.289686E-01  5.116825E-08
5.800000E-01  7.071068E-01  3.892979E-08
5.800000E-01  6.845471E-01  2.661634E-08
5.800000E-01  6.613119E-01  2.297552E-08
5.800000E-01  6.374240E-01  1.930809E-08
5.800000E-01  6.129071E-01  1.313189E-08
5.800000E-01  5.877853E-01  7.760096E-09
5.800000E-01  5.620834E-01  6.572749E-09
5.800000E-01  5.358268E-01  5.135413E-09
5.800000E-01  5.090414E-01  3.407213E-09
5.800000E-01  4.817537E-01  2.456148E-09
5.800000E-01  4.539905E-01  1.642966E-09
5.800000E-01  4.257793E-01  9.594654E-10
5.800000E-01  3.971479E-01  7.766702E-10
5.800000E-01  3.681246E-01  5.185345E-10
5.800000E-01  3.387379E-01  2.535842E-10
5.800000E-01  3.090170E-01  2.013191E-10
5.800000E-01  2.789911E-01  9.481867E-11
5.800000E-01  2.486899E-01  7.651773E-11
5.800000E-01  2.181432E-01  4.772643E-11
5.800000E-01  1.873813E-01  2.649935E-11
5.800000E-01  1.564345E-01  1.643246E-11
5.800000E-01  1.253332E-01  1.006153E-11
5.800000E-01  9.410831E-02  5.491397E-12
5.800000E-01  6.279052E-02  3.077494E-12
5.800000E-01  3.141076E-02  1.917748E-12
5.800000E-01  -1.271035E-15  7.709764E-13
6.000000E-01  1.000000E+00  1.141748E-07
6.000000E-01  9.995066E-01  1.570089E-07
6.000000E-01  9.980267E-01  3.307527E-07
6.000000E-01  9.955620E-01  3.243308E-07
6.000000E-01  9.921147E-01  3.177606E-07
6.000000E-01  9.876883E-01  3.006254E-07
6.000000E-01  9.822873E-01  2.915432E-07
6.000000E-01  9.759168E-01  2.876925E-07
6.000000E-01  9.685832E-01  2.741362E-07
6.000000E-01  9.602937E-01  2.718450E-07
6.000000E-01  9.510565E-01  2.537477E-07
6.000000E-01  9.408808E-01  2.421644E-07
6.000000E-01  9.297765E-01  2.237103E-07
6.000000E-01  9.177546E-01  2.024822E-07
6.000000E-01  9.048271E-01  1.797925E-07
6.000000E-01  8.910065E-01  1.647594E-07
6.000000E-01  8.763067E-01  1.458629E-07
6.000000E-01  8.607420E-01  1.390170E-07
6.000000E-01  8.443279E-01  1.148574E-07
6.000000E-01  8.270806E-01  1.000811E-07
6.000000E-01  8.090170E-01  8.353919E-08
6.000000E-01  7.901550E-01  7.226744E-08
6.000000E-01  7.705132E-01  6.191418E-08
6.000000E-01  7.501111E-01  4.949808E-08
6.000000E-01  7.289686E-01  4.017242E-08
6.000000E-01  7.071068E-01  3.252539E-08
6.000000E-01  6.845471E-01  2.607491E-08
6.000000E-01  6.613119E-01  1.872568E-08
6.000000E-01  6.374240E-01  1.499608E-08
6.000000E-01  6.129071E-01  1.100072E-08
6.000000E-01  5.877853E-01  7.755096E-09
6.000000E-01  5.620834E-01  5.710443E-09
6.000000E-01  5.358268E-01  4.163201E-09
6.000000E-01  5.090414E-01  2.712289E-09
6.000000E-01  4.817537E-01  1.756007E-09
6.000000E-01  4.539905E-01  1.193505E-09
6.000000E-01  4.257793E-01  6.890652E-10
6.000000E-01  3.971479E-01  5.054093E-10
6.000000E-01  3.681246E-01  3.156227E-10
6.000000E-01  3.387379E-01  2.143005E-10
6.000000E-01  3.090170E-01  1.300073E-10
6.000000E-01  2.789911E-01  7.932934E-11
6.000000E-01  2.486899E-01  3.646742E-11
6.000000E-01  2.181432E-01  2.747737E-11
6.000000E-01  1.873813E-01  9.038507E-12
6.000000E-01  1.564345E-01  9.283708E-12
6.000000E-01  1.253332E-01  4.463398E-12
6.000000E-01  9.410831E-02  2.605224E-12
6.000000E-01  6.279052E-02  1.590107E-12
6.000000E-01  3.141076E-02  8.022847E-13
6.000000E-01  -1.271035E-15  4.201897E-13
6.200000E-01  1.000000E+00  3.293735E-08
6.200000E-01  9.995066E-01  5.664496E-08
6.200000E-01  9.980267E-01  1.244205E-07
6.200000E-01  9.955620E-01  2.766460E-07
6.200000E-01  9.921147E-01  7.586151E-07
6.200000E-01  9.876883E-01  1.826166E-06
6.200000E-01  9.822873E-01  4.244584E-06
6.200000E-01  9.759168E-01  8.573219E-06
6.200000E-01  9.685832E-01  1.875465E-07
6.200000E-01  9.602937E-01  2.120564E-07
6.200000E-01  9.510565E-01  2.117639E-07
6.200000E-01  9.408808E-01  1.978046E-07
6.200000E-01  9.297765E-01  1.744525E-07
6.200000E-01  9.177546E-01  1.595611E-07
6.200000E-01  9.048271E-01  2.555055E-07
6.200000E-01  8.910065E-01  1.288300E-07
6.200000E-01  8.763067E-01 