0.000000E+00  1.000000E+00  0.000000E+00
0.000000E+00  9.995066E-01  0.000000E+00
0.000000E+00  9.980267E-01  0.000000E+00
0.000000E+00  9.955620E-01  0.000000E+00
0.000000E+00  9.921147E-01  0.000000E+00
0.000000E+00  9.876883E-01  0.000000E+00
0.000000E+00  9.822873E-01  0.000000E+00
0.000000E+00  9.759168E-01  0.000000E+00
0.000000E+00  9.685832E-01  0.000000E+00
0.000000E+00  9.602937E-01  0.000000E+00
0.000000E+00  9.510565E-01  0.000000E+00
0.000000E+00  9.408808E-01  0.000000E+00
0.000000E+00  9.297765E-01  0.000000E+00
0.000000E+00  9.177546E-01  0.000000E+00
0.000000E+00  9.048271E-01  0.000000E+00
0.000000E+00  8.910065E-01  0.000000E+00
0.000000E+00  8.763067E-01  0.000000E+00
0.000000E+00  8.607420E-01  0.000000E+00
0.000000E+00  8.443279E-01  0.000000E+00
0.000000E+00  8.270806E-01  0.000000E+00
0.000000E+00  8.090170E-01  0.000000E+00
0.000000E+00  7.901550E-01  0.000000E+00
0.000000E+00  7.705132E-01  0.000000E+00
0.000000E+00  7.501111E-01  0.000000E+00
0.000000E+00  7.289686E-01  0.000000E+00
0.000000E+00  7.071068E-01  0.000000E+00
0.000000E+00  6.845471E-01  0.000000E+00
0.000000E+00  6.613119E-01  0.000000E+00
0.000000E+00  6.374240E-01  0.000000E+00
0.000000E+00  6.129071E-01  0.000000E+00
0.000000E+00  5.877853E-01  0.000000E+00
0.000000E+00  5.620834E-01  0.000000E+00
0.000000E+00  5.358268E-01  0.000000E+00
0.000000E+00  5.090414E-01  0.000000E+00
0.000000E+00  4.817537E-01  0.000000E+00
0.000000E+00  4.539905E-01  0.000000E+00
0.000000E+00  4.257793E-01  0.000000E+00
0.000000E+00  3.971479E-01  0.000000E+00
0.000000E+00  3.681246E-01  0.000000E+00
0.000000E+00  3.387379E-01  0.000000E+00
0.000000E+00  3.090170E-01  0.000000E+00
0.000000E+00  2.789911E-01  0.000000E+00
0.000000E+00  2.486899E-01  0.000000E+00
0.000000E+00  2.181432E-01  0.000000E+00
0.000000E+00  1.873813E-01  0.000000E+00
0.000000E+00  1.564345E-01  0.000000E+00
0.000000E+00  1.253332E-01  0.000000E+00
0.000000E+00  9.410831E-02  0.000000E+00
0.000000E+00  6.279052E-02  0.000000E+00
0.000000E+00  3.141076E-02  0.000000E+00
0.000000E+00  -1.271035E-15  0.000000E+00
2.000000E-02  1.000000E+00  1.174211E-12
2.000000E-02  9.995066E-01  1.179140E-12
2.000000E-02  9.980267E-01  1.178469E-12
2.000000E-02  9.955620E-01  1.177436E-12
2.000000E-02  9.921147E-01  1.176048E-12
2.000000E-02  9.876883E-01  1.174208E-12
2.000000E-02  9.822873E-01  1.172156E-12
2.000000E-02  9.759168E-01  1.169629E-12
2.000000E-02  9.685832E-01  1.166683E-12
2.000000E-02  9.602937E-01  1.163289E-12
2.000000E-02  9.510565E-01  1.159178E-12
2.000000E-02  9.408808E-01  1.157680E-12
2.000000E-02  9.297765E-01  1.151795E-12
2.000000E-02  9.177546E-01  1.147064E-12
2.000000E-02  9.048271E-01  1.141905E-12
2.000000E-02  8.910065E-01  1.136301E-12
2.000000E-02  8.763067E-01  1.130965E-12
2.000000E-02  8.607420E-01  1.124620E-12
2.000000E-02  8.443279E-01  1.118378E-12
2.000000E-02  8.270806E-01  1.111592E-12
2.000000E-02  8.090170E-01  1.104829E-12
2.000000E-02  7.901550E-01  1.097291E-12
2.000000E-02  7.705132E-01  1.089871E-12
2.000000E-02  7.501111E-01  1.082144E-12
2.000000E-02  7.289686E-01  1.073919E-12
2.000000E-02  7.071068E-01  1.066174E-12
2.000000E-02  6.845471E-01  1.057816E-12
2.000000E-02  6.613119E-01  1.049430E-12
2.000000E-02  6.374240E-01  1.040657E-12
2.000000E-02  6.129071E-01  1.031769E-12
2.000000E-02  5.877853E-01  1.022748E-12
2.000000E-02  5.620834E-01  1.013578E-12
2.000000E-02  5.358268E-01  1.007007E-12
2.000000E-02  5.090414E-01  9.945720E-13
2.000000E-02  4.817537E-01  9.850698E-13
2.000000E-02  4.539905E-01  9.755664E-13
2.000000E-02  4.257793E-01  9.658985E-13
2.000000E-02  3.971479E-01  9.562534E-13
2.000000E-02  3.681246E-01  9.463620E-13
2.000000E-02  3.387379E-01  9.366572E-13
2.000000E-02  3.090170E-01  9.269343E-13
2.000000E-02  2.789911E-01  9.169463E-13
2.000000E-02  2.486899E-01  9.070475E-13
2.000000E-02  2.181432E-01  8.973390E-13
2.000000E-02  1.873813E-01  8.873655E-13
2.000000E-02  1.564345E-01  8.776099E-13
2.000000E-02  1.253332E-01  8.678103E-13
2.000000E-02  9.410831E-02  8.579301E-13
2.000000E-02  6.279052E-02  8.483004E-13
2.000000E-02  3.141076E-02  8.387374E-13
2.000000E-02  -1.271035E-15  8.294301E-13
4.000000E-02  1.000000E+00  6.617087E-12
4.000000E-02  9.995066E-01  6.621920E-12
4.000000E-02  9.980267E-01  6.606666E-12
4.000000E-02  9.955620E-01  6.596121E-12
4.000000E-02  9.921147E-01  6.582150E-12
4.000000E-02  9.876883E-01  6.563888E-12
4.000000E-02  9.822873E-01  6.540127E-12
4.000000E-02  9.759168E-01  6.512613E-12
4.000000E-02  9.685832E-01  6.481353E-12
4.000000E-02  9.602937E-01  6.375350E-12
4.000000E-02  9.510565E-01  6.400447E-12
4.000000E-02  9.408808E-01  6.364347E-12
4.000000E-02  9.297765E-01  6.319013E-12
4.000000E-02  9.177546E-01  6.267651E-12
4.000000E-02  9.048271E-01  6.220649E-12
4.000000E-02  8.910065E-01  6.147733E-12
4.000000E-02  8.763067E-01  6.098277E-12
4.000000E-02  8.607420E-01  6.036474E-12
4.000000E-02  8.443279E-01  5.970196E-12
4.000000E-02  8.270806E-01  5.903647E-12
4.000000E-02  8.090170E-01  5.832957E-12
4.000000E-02  7.901550E-01  5.759729E-12
4.000000E-02  7.705132E-01  5.694625E-12
4.000000E-02  7.501111E-01  5.607762E-12
4.000000E-02  7.289686E-01  5.528842E-12
4.000000E-02  7.071068E-01  5.441764E-12
4.000000E-02  6.845471E-01  5.300772E-12
4.000000E-02  6.613119E-01  5.216250E-12
4.000000E-02  6.374240E-01  5.131823E-12
4.000000E-02  6.129071E-01  5.044971E-12
4.000000E-02  5.877853E-01  4.954887E-12
4.000000E-02  5.620834E-01  4.865967E-12
4.000000E-02  5.358268E-01  4.776941E-12
4.000000E-02  5.090414E-01  4.758238E-12
4.000000E-02  4.817537E-01  4.668376E-12
4.000000E-02  4.539905E-01  4.576887E-12
4.000000E-02  4.257793E-01  4.487998E-12
4.000000E-02  3.971479E-01  4.416013E-12
4.000000E-02  3.681246E-01  4.312977E-12
4.000000E-02  3.387379E-01  4.224638E-12
4.000000E-02  3.090170E-01  4.143876E-12
4.000000E-02  2.789911E-01  4.049990E-12
4.000000E-02  2.486899E-01  3.973119E-12
4.000000E-02  2.181432E-01  3.878467E-12
4.000000E-02  1.873813E-01  3.793081E-12
4.000000E-02  1.564345E-01  3.710288E-12
4.000000E-02  1.253332E-01  3.628169E-12
4.000000E-02  9.410831E-02  3.547024E-12
4.000000E-02  6.279052E-02  3.469359E-12
4.000000E-02  3.141076E-02  3.389511E-12
4.000000E-02  -1.271035E-15  3.310718E-12
6.000000E-02  1.000000E+00  2.073000E-11
6.000000E-02  9.995066E-01  2.073167E-11
6.000000E-02  9.980267E-01  2.070280E-11
6.000000E-02  9.955620E-01  2.065479E-11
6.000000E-02  9.921147E-01  2.058658E-11
6.000000E-02  9.876883E-01  2.050297E-11
6.000000E-02  9.822873E-01  2.039810E-11
6.000000E-02  9.759168E-01  2.027344E-11
6.000000E-02  9.685832E-01  2.013297E-11
6.000000E-02  9.602937E-01  1.997840E-11
6.000000E-02  9.510565E-01  1.980109E-11
6.000000E-02  9.408808E-01  1.957852E-11
6.000000E-02  9.297765E-01  1.940351E-11
6.000000E-02  9.177546E-01  1.918416E-11
6.000000E-02  9.048271E-01  1.894610E-11
6.000000E-02  8.910065E-01  1.869723E-11
6.000000E-02  8.763067E-01  1.841246E-11
6.000000E-02  8.607420E-01  1.814613E-11
6.000000E-02  8.443279E-01  1.763934E-11
6.000000E-02  8.270806E-01  1.733113E-11
6.000000E-02  8.090170E-01  1.701596E-11
6.000000E-02  7.901550E-01  1.669232E-11
6.000000E-02  7.705132E-01  1.636025E-11
6.000000E-02  7.501111E-01  1.630038E-11
6.000000E-02  7.289686E-01  1.596224E-11
6.000000E-02  7.071068E-01  1.562974E-11
6.000000E-02  6.845471E-01  1.527578E-11
6.000000E-02  6.613119E-01  1.492226E-11
6.000000E-02  6.374240E-01  1.456886E-11
6.000000E-02  6.129071E-01  1.421481E-11
6.000000E-02  5.877853E-01  1.385626E-11
6.000000E-02  5.620834E-01  1.349320E-11
6.000000E-02  5.358268E-01  1.314747E-11
6.000000E-02  5.090414E-01  1.277585E-11
6.000000E-02  4.817537E-01  1.244037E-11
6.000000E-02  4.539905E-01  1.209138E-11
6.000000E-02  4.257793E-01  1.173781E-11
6.000000E-02  3.971479E-01  1.139138E-11
6.000000E-02  3.681246E-01  1.104558E-11
6.000000E-02  3.387379E-01  1.070617E-11
6.000000E-02  3.090170E-01  1.003354E-11
6.000000E-02  2.789911E-01  1.005159E-11
6.000000E-02  2.486899E-01  9.729524E-12
6.000000E-02  2.181432E-01  9.416264E-12
6.000000E-02  1.873813E-01  9.112186E-12
6.000000E-02  1.564345E-01  8.813134E-12
6.000000E-02  1.253332E-01  8.513502E-12
6.000000E-02  9.410831E-02  8.227048E-12
6.000000E-02  6.279052E-02  7.947338E-12
6.000000E-02  3.141076E-02  7.674822E-12
6.000000E-02  -1.271035E-15  7.412387E-12
8.000000E-02  1.000000E+00  5.134842E-11
8.000000E-02  9.995066E-01  5.132165E-11
8.000000E-02  9.980267E-01  5.122891E-11
8.000000E-02  9.955620E-01  5.106406E-11
8.000000E-02  9.921147E-01  5.086091E-11
8.000000E-02  9.876883E-01  5.059077E-11
8.000000E-02  9.822873E-01  5.024800E-11
8.000000E-02  9.759168E-01  4.984628E-11
8.000000E-02  9.685832E-01  4.939709E-11
8.000000E-02  9.602937E-01  4.890446E-11
8.000000E-02  9.510565E-01  4.836276E-11
8.000000E-02  9.408808E-01  4.774882E-11
8.000000E-02  9.297765E-01  4.709482E-11
8.000000E-02  9.177546E-01  4.639877E-11
8.000000E-02  9.048271E-01  4.565089E-11
8.000000E-02  8.910065E-01  4.417629E-11
8.000000E-02  8.763067E-01  4.332287E-11
8.000000E-02  8.607420E-01  4.243810E-11
8.000000E-02  8.443279E-01  4.229332E-11
8.000000E-02  8.270806E-01  4.137961E-11
8.000000E-02  8.090170E-01  4.043802E-11
8.000000E-02  7.901550E-01  3.946673E-11
8.000000E-02  7.705132E-01  3.853516E-11
8.000000E-02  7.501111E-01  3.747909E-11
8.000000E-02  7.289686E-01  3.644282E-11
8.000000E-02  7.071068E-01  3.545752E-11
8.000000E-02  6.845471E-01  3.444034E-11
8.000000E-02  6.613119E-01  3.337149E-11
8.000000E-02  6.374240E-01  3.233082E-11
8.000000E-02  6.129071E-01  3.128789E-11
8.000000E-02  5.877853E-01  3.027687E-11
8.000000E-02  5.620834E-01  2.922109E-11
8.000000E-02  5.358268E-01  2.820563E-11
8.000000E-02  5.090414E-01  2.718185E-11
8.000000E-02  4.817537E-01  2.611554E-11
8.000000E-02  4.539905E-01  2.519909E-11
8.000000E-02  4.257793E-01  2.422889E-11
8.000000E-02  3.971479E-01  2.326318E-11
8.000000E-02  3.681246E-01  2.234873E-11
8.000000E-02  3.387379E-01  2.141018E-11
8.000000E-02  3.090170E-01  2.054737E-11
8.000000E-02  2.789911E-01  1.968336E-11
8.000000E-02  2.486899E-01  1.888931E-11
8.000000E-02  2.181432E-01  1.802280E-11
8.000000E-02  1.873813E-01  1.723722E-11
8.000000E-02  1.564345E-01  1.646589E-11
8.000000E-02  1.253332E-01  1.572111E-11
8.000000E-02  9.410831E-02  1.500245E-11
8.000000E-02  6.279052E-02  1.432986E-11
8.000000E-02  3.141076E-02  1.366698E-11
8.000000E-02  -1.271035E-15  1.303189E-11
1.000000E-01  1.000000E+00  1.120566E-10
1.000000E-01  9.995066E-01  1.120222E-10
1.000000E-01  9.980267E-01  1.117512E-10
1.000000E-01  9.955620E-01  1.113308E-10
1.000000E-01  9.921147E-01  1.107328E-10
1.000000E-01  9.876883E-01  1.100074E-10
1.000000E-01  9.822873E-01  1.090699E-10
1.000000E-01  9.759168E-01  1.080552E-10
1.000000E-01  9.685832E-01  1.067830E-10
1.000000E-01  9.602937E-01  1.055536E-10
1.000000E-01  9.510565E-01  1.039888E-10
1.000000E-01  9.408808E-01  1.025263E-10
1.000000E-01  9.297765E-01  9.917743E-11
1.000000E-01  9.177546E-01  9.723564E-11
1.000000E-01  9.048271E-01  9.512089E-11
1.000000E-01  8.910065E-01  9.486412E-11
1.000000E-01  8.763067E-01  9.274612E-11
1.000000E-01  8.607420E-01  9.039651E-11
1.000000E-01  8.443279E-01  8.819735E-11
1.000000E-01  8.270806E-01  8.582934E-11
1.000000E-01  8.090170E-01  8.340106E-11
1.000000E-01  7.901550E-01  8.094869E-11
1.000000E-01  7.705132E-01  7.843650E-11
1.000000E-01  7.501111E-01  7.589863E-11
1.000000E-01  7.289686E-01  7.333951E-11
1.000000E-01  7.071068E-01  7.078086E-11
1.000000E-01  6.845471E-01  6.821636E-11
1.000000E-01  6.613119E-01  6.565371E-11
1.000000E-01  6.374240E-01  6.310226E-11
1.000000E-01  6.129071E-01  6.057712E-11
1.000000E-01  5.877853E-01  5.803402E-11
1.000000E-01  5.620834E-01  5.556639E-11
1.000000E-01  5.358268E-01  5.313807E-11
1.000000E-01  5.090414E-01  5.075684E-11
1.000000E-01  4.817537E-01  4.841113E-11
1.000000E-01  4.539905E-01  4.613675E-11
1.000000E-01  4.257793E-01  4.389112E-11
1.000000E-01  3.971479E-01  4.171030E-11
1.000000E-01  3.681246E-01  3.965213E-11
1.000000E-01  3.387379E-01  3.762022E-11
1.000000E-01  3.090170E-01  3.565914E-11
1.000000E-01  2.789911E-01  3.376922E-11
1.000000E-01  2.486899E-01  3.194996E-11
1.000000E-01  2.181432E-01  3.019719E-11
1.000000E-01  1.873813E-01  2.851923E-11
1.000000E-01  1.564345E-01  2.691794E-11
1.000000E-01  1.253332E-01  2.538546E-11
1.000000E-01  9.410831E-02  2.392525E-11
1.000000E-01  6.279052E-02  2.253319E-11
1.000000E-01  3.141076E-02  2.120848E-11
1.000000E-01  -1.271035E-15  1.995633E-11
1.200000E-01  1.000000E+00  2.263507E-10
1.200000E-01  9.995066E-01  2.261526E-10
1.200000E-01  9.980267E-01  2.254131E-10
1.200000E-01  9.955620E-01  2.245145E-10
1.200000E-01  9.921147E-01  2.229167E-10
1.200000E-01  9.876883E-01  2.207335E-10
1.200000E-01  9.822873E-01  2.192247E-10
1.200000E-01  9.759168E-01  2.167940E-10
1.200000E-01  9.685832E-01  2.138576E-10
1.200000E-01  9.602937E-01  2.106502E-10
1.200000E-01  9.510565E-01  2.070821E-10
1.200000E-01  9.408808E-01  1.996968E-10
1.200000E-01  9.297765E-01  1.952994E-10
1.200000E-01  9.177546E-01  1.947729E-10
1.200000E-01  9.048271E-01  1.899868E-10
1.200000E-01  8.910065E-01  1.853316E-10
1.200000E-01  8.763067E-01  1.807007E-10
1.200000E-01  8.607420E-01  1.751653E-10
1.200000E-01  8.443279E-01  1.699034E-10
1.200000E-01  8.270806E-01  1.643418E-10
1.200000E-01  8.090170E-01  1.588174E-10
1.200000E-01  7.901550E-01  1.531714E-10
1.200000E-01  7.705132E-01  1.474842E-10
1.200000E-01  7.501111E-01  1.417338E-10
1.200000E-01  7.289686E-01  1.360052E-10
1.200000E-01  7.071068E-01  1.302894E-10
1.200000E-01  6.845471E-01  1.246192E-10
1.200000E-01  6.613119E-01  1.189949E-10
1.200000E-01  6.374240E-01  1.134867E-10
1.200000E-01  6.129071E-01  1.079140E-10
1.200000E-01  5.877853E-01  1.025807E-10
1.200000E-01  5.620834E-01  9.727156E-11
1.200000E-01  5.358268E-01  9.214835E-11
1.200000E-01  5.090414E-01  8.717774E-11
1.200000E-01  4.817537E-01  8.228806E-11
1.200000E-01  4.539905E-01  7.765933E-11
1.200000E-01  4.257793E-01  7.302737E-11
1.200000E-01  3.971479E-01  6.869661E-11
1.200000E-01  3.681246E-01  6.454479E-11
1.200000E-01  3.387379E-01  6.052210E-11
1.200000E-01  3.090170E-01  5.668913E-11
1.200000E-01  2.789911E-01  5.306975E-11
1.200000E-01  2.486899E-01  4.957533E-11
1.200000E-01  2.181432E-01  4.626796E-11
1.200000E-01  1.873813E-01  4.314056E-11
1.200000E-01  1.564345E-01  4.013056E-11
1.200000E-01  1.253332E-01  3.738161E-11
1.200000E-01  9.410831E-02  3.472864E-11
1.200000E-01  6.279052E-02  3.226182E-11
1.200000E-01  3.141076E-02  2.994862E-11
1.200000E-01  -1.271035E-15  2.778485E-11
1.400000E-01  1.000000E+00  4.328962E-10
1.400000E-01  9.995066E-01  4.324046E-10
1.400000E-01  9.980267E-01  4.306478E-10
1.400000E-01  9.955620E-01  4.287391E-10
1.400000E-01  9.921147E-01  4.257911E-10
1.400000E-01  9.876883E-01  4.216619E-10
1.400000E-01  9.822873E-01  4.169211E-10
1.400000E-01  9.759168E-01  4.113954E-10
1.400000E-01  9.685832E-01  4.050016E-10
1.400000E-01  9.602937E-01  3.978302E-10
1.400000E-01  9.510565E-01  3.827632E-10
1.400000E-01  9.408808E-01  3.815028E-10
1.400000E-01  9.297765E-01  3.728593E-10
1.400000E-01  9.177546E-01  3.630258E-10
1.400000E-01  9.048271E-01  3.530911E-10
1.400000E-01  8.910065E-01  3.425465E-10
1.400000E-01  8.763067E-01  3.315604E-10
1.400000E-01  8.607420E-01  3.204137E-10
1.400000E-01  8.443279E-01  3.090326E-10
1.400000E-01  8.270806E-01  2.974174E-10
1.400000E-01  8.090170E-01  2.856183E-10
1.400000E-01  7.901550E-01  2.737502E-10
1.400000E-01  7.705132E-01  2.618028E-10
1.400000E-01  7.501111E-01  2.498615E-10
1.400000E-01  7.289686E-01  2.380024E-10
1.400000E-01  7.071068E-01  2.262587E-10
1.400000E-01  6.845471E-01  2.147030E-10
1.400000E-01  6.613119E-01  2.033332E-10
1.400000E-01  6.374240E-01  1.921230E-10
1.400000E-01  6.129071E-01  1.811393E-10
1.400000E-01  5.877853E-01  1.706263E-10
1.400000E-01  5.620834E-01  1.602446E-10
1.400000E-01  5.358268E-01  1.503289E-10
1.400000E-01  5.090414E-01  1.406668E-10
1.400000E-01  4.817537E-01  1.315344E-10
1.400000E-01  4.539905E-01  1.226395E-10
1.400000E-01  4.257793E-01  1.141387E-10
1.400000E-01  3.971479E-01  1.059635E-10
1.400000E-01  3.681246E-01  9.830147E-11
1.400000E-01  3.387379E-01  9.114273E-11
1.400000E-01  3.090170E-01  8.450230E-11
1.400000E-01  2.789911E-01  7.804042E-11
1.400000E-01  2.486899E-01  7.186427E-11
1.400000E-01  2.181432E-01  6.631881E-11
1.400000E-01  1.873813E-01  6.099750E-11
1.400000E-01  1.564345E-01  5.605077E-11
1.400000E-01  1.253332E-01  5.144111E-11
1.400000E-01  9.410831E-02  4.718018E-11
1.400000E-01  6.279052E-02  4.317820E-11
1.400000E-01  3.141076E-02  3.950221E-11
1.400000E-01  -1.271035E-15  3.611648E-11
1.600000E-01  1.000000E+00  7.914200E-10
1.600000E-01  9.995066E-01  7.923237E-10
1.600000E-01  9.980267E-01  7.887102E-10
1.600000E-01  9.955620E-01  7.842996E-10
1.600000E-01  9.921147E-01  7.778253E-10
1.600000E-01  9.876883E-01  7.692839E-10
1.600000E-01  9.822873E-01  7.592709E-10
1.600000E-01  9.759168E-01  7.476297E-10
1.600000E-01  9.685832E-01  7.346700E-10
1.600000E-01  9.602937E-01  7.041863E-10
1.600000E-01  9.510565E-01  7.034568E-10
1.600000E-01  9.408808E-01  6.857540E-10
1.600000E-01  9.297765E-01  6.669254E-10
1.600000E-01  9.177546E-01  6.474193E-10
1.600000E-01  9.048271E-01  6.268290E-10
1.600000E-01  8.910065E-01  6.053193E-10
1.600000E-01  8.763067E-01  5.833693E-10
1.600000E-01  8.607420E-01  5.606825E-10
1.600000E-01  8.443279E-01  5.375703E-10
1.600000E-01  8.270806E-01  5.140802E-10
1.600000E-01  8.090170E-01  4.895042E-10
1.600000E-01  7.901550E-01  4.672051E-10
1.600000E-01  7.705132E-01  4.438269E-10
1.600000E-01  7.501111E-01  4.205682E-10
1.600000E-01  7.289686E-01  3.967785E-10
1.600000E-01  7.071068E-01  3.750961E-10
1.600000E-01  6.845471E-01  3.527811E-10
1.600000E-01  6.613119E-01  3.311384E-10
1.600000E-01  6.374240E-01  3.101868E-10
1.600000E-01  6.129071E-01  2.895648E-10
1.600000E-01  5.877853E-01  2.701720E-10
1.600000E-01  5.620834E-01  2.513992E-10
1.600000E-01  5.358268E-01  2.329821E-10
1.600000E-01  5.090414E-01  2.158167E-10
1.600000E-01  4.817537E-01  1.998339E-10
1.600000E-01  4.539905E-01  1.843316E-10
1.600000E-01  4.257793E-01  1.696260E-10
1.600000E-01  3.971479E-01  1.557914E-10
1.600000E-01  3.681246E-01  1.428432E-10
1.600000E-01  3.387379E-01  1.306976E-10
1.600000E-01  3.090170E-01  1.193196E-10
1.600000E-01  2.789911E-01  1.087833E-10
1.600000E-01  2.486899E-01  9.902762E-11
1.600000E-01  2.181432E-01  8.994633E-11
1.600000E-01  1.873813E-01  8.142841E-11
1.600000E-01  1.564345E-01  7.374452E-11
1.600000E-01  1.253332E-01  6.668442E-11
1.600000E-01  9.410831E-02  6.023391E-11
1.600000E-01  6.279052E-02  5.432827E-11
1.600000E-01  3.141076E-02  4.895386E-11
1.600000E-01  -1.271035E-15  4.405293E-11
1.800000E-01  1.000000E+00  1.397559E-09
1.800000E-01  9.995066E-01  1.395489E-09
1.800000E-01  9.980267E-01  1.389781E-09
1.800000E-01  9.955620E-01  1.380393E-09
1.800000E-01  9.921147E-01  1.367552E-09
1.800000E-01  9.876883E-01  1.350989E-09
1.800000E-01  9.822873E-01  1.330822E-09
1.800000E-01  9.759168E-01  1.306430E-09
1.800000E-01  9.685832E-01  1.253624E-09
1.800000E-01  9.602937E-01  1.251364E-09
1.800000E-01  9.510565E-01  1.219682E-09
1.800000E-01  9.408808E-01  1.185627E-09
1.800000E-01  9.297765E-01  1.149117E-09
1.800000E-01  9.177546E-01  1.106742E-09
1.800000E-01  9.048271E-01  1.069963E-09
1.800000E-01  8.910065E-01  1.028474E-09
1.800000E-01  8.763067E-01  9.867927E-10
1.800000E-01  8.607420E-01  9.430735E-10
1.800000E-01  8.443279E-01  8.990532E-10
1.800000E-01  8.270806E-01  8.548725E-10
1.800000E-01  8.090170E-01  8.107288E-10
1.800000E-01  7.901550E-01  7.667620E-10
1.800000E-01  7.705132E-01  7.230390E-10
1.800000E-01  7.501111E-01  6.800466E-10
1.800000E-01  7.289686E-01  6.373308E-10
1.800000E-01  7.071068E-01  5.966571E-10
1.800000E-01  6.845471E-01  5.566146E-10
1.800000E-01  6.613119E-01  5.170183E-10
1.800000E-01  6.374240E-01  4.796796E-10
1.800000E-01  6.129071E-01  4.448202E-10
1.800000E-01  5.877853E-01  4.107416E-10
1.800000E-01  5.620834E-01  3.781810E-10
1.800000E-01  5.358268E-01  3.465958E-10
1.800000E-01  5.090414E-01  3.183600E-10
1.800000E-01  4.817537E-01  2.908838E-10
1.800000E-01  4.539905E-01  2.644877E-10
1.800000E-01  4.257793E-01  2.405097E-10
1.800000E-01  3.971479E-01  2.181737E-10
1.800000E-01  3.681246E-01  1.974434E-10
1.800000E-01  3.387379E-01  1.782741E-10
1.800000E-01  3.090170E-01  1.606376E-10
1.800000E-01  2.789911E-01  1.444427E-10
1.800000E-01  2.486899E-01  1.296034E-10
1.800000E-01  2.181432E-01  1.160451E-10
1.800000E-01  1.873813E-01  1.037330E-10
1.800000E-01  1.564345E-01  9.255041E-11
1.800000E-01  1.253332E-01  8.242896E-11
1.800000E-01  9.410831E-02  7.329535E-11
1.800000E-01  6.279052E-02  6.507052E-11
1.800000E-01  3.141076E-02  5.774530E-11
1.800000E-01  -1.271035E-15  5.110002E-11
2.000000E-01  1.000000E+00  2.374263E-09
2.000000E-01  9.995066E-01  2.370312E-09
2.000000E-01  9.980267E-01  2.359267E-09
2.000000E-01  9.955620E-01  2.341961E-09
2.000000E-01  9.921147E-01  2.317061E-09
2.000000E-01  9.876883E-01  2.285774E-09
2.000000E-01  9.822873E-01  2.247741E-09
2.000000E-01  9.759168E-01  2.156232E-09
2.000000E-01  9.685832E-01  2.101316E-09
2.000000E-01  9.602937E-01  2.099432E-09
2.000000E-01  9.510565E-01  2.040508E-09
2.000000E-01  9.408808E-01  1.975493E-09
2.000000E-01  9.297765E-01  1.907907E-09
2.000000E-01  9.177546E-01  1.836163E-09
2.000000E-01  9.048271E-01  1.762731E-09
2.000000E-01  8.910065E-01  1.686548E-09
2.000000E-01  8.763067E-01  1.607288E-09
2.000000E-01  8.607420E-01  1.530385E-09
2.000000E-01  8.443279E-01  1.445611E-09
2.000000E-01  8.270806E-01  1.370132E-09
2.000000E-01  8.090170E-01  1.290811E-09
2.000000E-01  7.901550E-01  1.212037E-09
2.000000E-01  7.705132E-01  1.135062E-09
2.000000E-01  7.501111E-01  1.059423E-09
2.000000E-01  7.289686E-01  9.842292E-10
2.000000E-01  7.071068E-01  9.147074E-10
2.000000E-01  6.845471E-01  8.459403E-10
2.000000E-01  6.613119E-01  7.786677E-10
2.000000E-01  6.374240E-01  7.172361E-10
2.000000E-01  6.129071E-01  6.559953E-10
2.000000E-01  5.877853E-01  5.986864E-10
2.000000E-01  5.620834E-01  5.459875E-10
2.000000E-01  5.358268E-01  4.961343E-10
2.000000E-01  5.090414E-01  4.494066E-10
2.000000E-01  4.817537E-01  4.057911E-10
2.000000E-01  4.539905E-01  3.655503E-10
2.000000E-01  4.257793E-01  3.281621E-10
2.000000E-01  3.971479E-01  2.939636E-10
2.000000E-01  3.681246E-01  2.624941E-10
2.000000E-01  3.387379E-01  2.338879E-10
2.000000E-01  3.090170E-01  2.078272E-10
2.000000E-01  2.789911E-01  1.841995E-10
2.000000E-01  2.486899E-01  1.628842E-10
2.000000E-01  2.181432E-01  1.436949E-10
2.000000E-01  1.873813E-01  1.265409E-10
2.000000E-01  1.564345E-01  1.111342E-10
2.000000E-01  1.253332E-01  9.738212E-11
2.000000E-01  9.410831E-02  8.518580E-11
2.000000E-01  6.279052E-02  7.443175E-11
2.000000E-01  3.141076E-02  6.486634E-11
2.000000E-01  -1.271035E-15  5.655844E-11
2.200000E-01  1.000000E+00  3.889263E-09
2.200000E-01  9.995066E-01  3.882559E-09
2.200000E-01  9.980267E-01  3.863031E-09
2.200000E-01  9.955620E-01  3.831025E-09
2.200000E-01  9.921147E-01  3.786045E-09
2.200000E-01  9.876883E-01  3.729670E-09
2.200000E-01  9.822873E-01  3.662446E-09
2.200000E-01  9.759168E-01  3.494677E-09
2.200000E-01  9.685832E-01  3.494986E-09
2.200000E-01  9.602937E-01  3.397722E-09
2.200000E-01  9.510565E-01  3.289627E-09
2.200000E-01  9.408808E-01  3.176615E-09
2.200000E-01  9.297765E-01  3.055716E-09
2.200000E-01  9.177546E-01  2.930714E-09
2.200000E-01  9.048271E-01  2.799727E-09
2.200000E-01  8.910065E-01  2.666214E-09
2.200000E-01  8.763067E-01  2.530047E-09
2.200000E-01  8.607420E-01  2.395925E-09
2.200000E-01  8.443279E-01  2.255259E-09
2.200000E-01  8.270806E-01  2.119017E-09
2.200000E-01  8.090170E-01  1.983323E-09
2.200000E-01  7.901550E-01  1.850161E-09
2.200000E-01  7.705132E-01  1.719893E-09
2.200000E-01  7.501111E-01  1.593706E-09
2.200000E-01  7.289686E-01  1.471451E-09
2.200000E-01  7.071068E-01  1.353631E-09
2.200000E-01  6.845471E-01  1.238635E-09
2.200000E-01  6.613119E-01  1.131809E-09
2.200000E-01  6.374240E-01  1.030419E-09
2.200000E-01  6.129071E-01  9.352874E-10
2.200000E-01  5.877853E-01  8.457274E-10
2.200000E-01  5.620834E-01  7.619560E-10
2.200000E-01  5.358268E-01  6.843685E-10
2.200000E-01  5.090414E-01  6.129299E-10
2.200000E-01  4.817537E-01  5.469871E-10
2.200000E-01  4.539905E-01  4.866721E-10
2.200000E-01  4.257793E-01  4.315042E-10
2.200000E-01  3.971479E-01  3.813573E-10
2.200000E-01  3.681246E-01  3.360386E-10
2.200000E-01  3.387379E-01  2.951569E-10
2.200000E-01  3.090170E-01  2.583527E-10
2.200000E-01  2.789911E-01  2.257346E-10
2.200000E-01  2.486899E-01  1.966522E-10
2.200000E-01  2.181432E-01  1.707913E-10
2.200000E-01  1.873813E-01  1.479639E-10
2.200000E-01  1.564345E-01  1.278565E-10
2.200000E-01  1.253332E-01  1.067673E-10
2.200000E-01  9.410831E-02  9.485527E-11
2.200000E-01  6.279052E-02  8.144170E-11
2.200000E-01  3.141076E-02  6.980725E-11
2.200000E-01  -1.271035E-15  5.969308E-11
2.400000E-01  1.000000E+00  6.143718E-09
2.400000E-01  9.995066E-01  6.132498E-09
2.400000E-01  9.980267E-01  6.101647E-09
2.400000E-01  9.955620E-01  6.050053E-09
2.400000E-01  9.921147E-01  5.967634E-09
2.400000E-01  9.876883E-01  5.872508E-09
2.400000E-01  9.822873E-01  5.755026E-09
2.400000E-01  9.759168E-01  5.464868E-09
2.400000E-01  9.685832E-01  5.469164E-09
2.400000E-01  9.602937E-01  5.250402E-09
2.400000E-01  9.510565E-01  5.122485E-09
2.400000E-01  9.408808E-01  4.926078E-09
2.400000E-01  9.297765E-01  4.714790E-09
2.400000E-01  9.177546E-01  4.512305E-09
2.400000E-01  9.048271E-01  4.294602E-09
2.400000E-01  8.910065E-01  4.071209E-09
2.400000E-01  8.763067E-01  3.844929E-09
2.400000E-01  8.607420E-01  3.616229E-09
2.400000E-01  8.443279E-01  3.387582E-09
2.400000E-01  8.270806E-01  3.157213E-09
2.400000E-01  8.090170E-01  2.943203E-09
2.400000E-01  7.901550E-01  2.727131E-09
2.400000E-01  7.705132E-01  2.517793E-09
2.400000E-01  7.501111E-01  2.311169E-09
2.400000E-01  7.289686E-01  2.117634E-09
2.400000E-01  7.071068E-01  1.931549E-09
2.400000E-01  6.845471E-01  1.756175E-09
2.400000E-01  6.613119E-01  1.589174E-09
2.400000E-01  6.374240E-01  1.434099E-09
2.400000E-01  6.129071E-01  1.288543E-09
2.400000E-01  5.877853E-01  1.153156E-09
2.400000E-01  5.620834E-01  1.027359E-09
2.400000E-01  5.358268E-01  9.149032E-10
2.400000E-01  5.090414E-01  8.080795E-10
2.400000E-01  4.817537E-01  7.122232E-10
2.400000E-01  4.539905E-01  6.254640E-10
2.400000E-01  4.257793E-01  5.473410E-10
2.400000E-01  3.971479E-01  4.772886E-10
2.400000E-01  3.681246E-01  4.146499E-10
2.400000E-01  3.387379E-01  3.590771E-10
2.400000E-01  3.090170E-01  3.099332E-10
2.400000E-01  2.789911E-01  2.662746E-10
2.400000E-01  2.486899E-01  2.285723E-10
2.400000E-01  2.181432E-01  1.953919E-10
2.400000E-01  1.873813E-01  1.665296E-10
2.400000E-01  1.564345E-01  1.415349E-10
2.400000E-01  1.253332E-01  1.200302E-10
2.400000E-01  9.410831E-02  1.014313E-10
2.400000E-01  6.279052E-02  8.554870E-11
2.400000E-01  3.141076E-02  7.200278E-11
2.400000E-01  -1.271035E-15  6.049944E-11
2.600000E-01  1.000000E+00  9.364602E-09
2.600000E-01  9.995066E-01  9.337050E-09
2.600000E-01  9.980267E-01  9.294984E-09
2.600000E-01  9.955620E-01  9.203608E-09
2.600000E-01  9.921147E-01  9.089300E-09
2.600000E-01  9.876883E-01  8.920843E-09
2.600000E-01  9.822873E-01  8.502464E-09
2.600000E-01  9.759168E-01  8.513817E-09
2.600000E-01  9.685832E-01  8.266955E-09
2.600000E-01  9.602937E-01  7.995864E-09
2.600000E-01  9.510565E-01  7.703446E-09
2.600000E-01  9.408808E-01  7.365283E-09
2.600000E-01  9.297765E-01  7.055068E-09
2.600000E-01  9.177546E-01  6.713837E-09
2.600000E-01  9.048271E-01  6.370863E-09
2.600000E-01  8.910065E-01  6.013249E-09
2.600000E-01  8.763067E-01  5.653141E-09
2.600000E-01  8.607420E-01  5.289218E-09
2.600000E-01  8.443279E-01  4.932808E-09
2.600000E-01  8.270806E-01  4.576735E-09
2.600000E-01  8.090170E-01  4.221643E-09
2.600000E-01  7.901550E-01  3.884426E-09
2.600000E-01  7.705132E-01  3.569319E-09
2.600000E-01  7.501111E-01  3.251239E-09
2.600000E-01  7.289686E-01  2.950843E-09
2.600000E-01  7.071068E-01  2.673586E-09
2.600000E-01  6.845471E-01  2.409902E-09
2.600000E-01  6.613119E-01  2.162791E-09
2.600000E-01  6.374240E-01  1.931461E-09
2.600000E-01  6.129071E-01  1.716518E-09
2.600000E-01  5.877853E-01  1.521471E-09
2.600000E-01  5.620834E-01  1.341251E-09
2.600000E-01  5.358268E-01  1.177496E-09
2.600000E-01  5.090414E-01  1.029412E-09
2.600000E-01  4.817537E-01  8.965990E-10
2.600000E-01  4.539905E-01  7.773185E-10
2.600000E-01  4.257793E-01  6.712731E-10
2.600000E-01  3.971479E-01  5.770931E-10
2.600000E-01  3.681246E-01  4.943372E-10
2.600000E-01  3.387379E-01  4.217622E-10
2.600000E-01  3.090170E-01  3.585528E-10
2.600000E-01  2.789911E-01  3.036015E-10
2.600000E-01  2.486899E-01  2.562417E-10
2.600000E-01  2.181432E-01  2.154173E-10
2.600000E-01  1.873813E-01  1.804999E-10
2.600000E-01  1.564345E-01  1.507693E-10
2.600000E-01  1.253332E-01  1.257218E-10
2.600000E-01  9.410831E-02  1.042753E-10
2.600000E-01  6.279052E-02  8.635564E-11
2.600000E-01  3.141076E-02  7.133320E-11
2.600000E-01  -1.271035E-15  5.878679E-11
2.800000E-01  1.000000E+00  1.379763E-08
2.800000E-01  9.995066E-01  1.376535E-08
2.800000E-01  9.980267E-01  1.367842E-08
2.800000E-01  9.955620E-01  1.354064E-08
2.800000E-01  9.921147E-01  1.334573E-08
2.800000E-01  9.876883E-01  1.309903E-08
2.800000E-01  9.822873E-01  1.243150E-08
2.800000E-01  9.759168E-01  1.244571E-08
2.800000E-01  9.685832E-01  1.207535E-08
2.800000E-01  9.602937E-01  1.165914E-08
2.800000E-01  9.510565E-01  1.120260E-08
2.800000E-01  9.408808E-01  1.071894E-08
2.800000E-01  9.297765E-01  1.019489E-08
2.800000E-01  9.177546E-01  9.657355E-09
2.800000E-01  9.048271E-01  9.139637E-09
2.800000E-01  8.910065E-01  8.590538E-09
2.800000E-01  8.763067E-01  8.040559E-09
2.800000E-01  8.607420E-01  7.490801E-09
2.800000E-01  8.443279E-01  6.932908E-09
2.800000E-01  8.270806E-01  6.399448E-09
2.800000E-01  8.090170E-01  5.881180E-09
2.800000E-01  7.901550E-01  5.378392E-09
2.800000E-01  7.705132E-01  4.893771E-09
2.800000E-01  7.501111E-01  4.435164E-09
2.800000E-01  7.289686E-01  3.998430E-09
2.800000E-01  7.071068E-01  3.589254E-09
2.800000E-01  6.845471E-01  3.204262E-09
2.800000E-01  6.613119E-01  2.849448E-09
2.800000E-01  6.374240E-01  2.521357E-09
2.800000E-01  6.129071E-01  2.219489E-09
2.800000E-01  5.877853E-01  1.944800E-09
2.800000E-01  5.620834E-01  1.694918E-09
2.800000E-01  5.358268E-01  1.471049E-09
2.800000E-01  5.090414E-01  1.271500E-09
2.800000E-01  4.817537E-01  1.092893E-09
2.800000E-01  4.539905E-01  9.353234E-10
2.800000E-01  4.257793E-01  7.964061E-10
2.800000E-01  3.971479E-01  6.753164E-10
2.800000E-01  3.681246E-01  5.700947E-10
2.800000E-01  3.387379E-01  4.791079E-10
2.800000E-01  3.090170E-01  4.008689E-10
2.800000E-01  2.789911E-01  3.338418E-10
2.800000E-01  2.486899E-01  2.772625E-10
2.800000E-01  2.181432E-01  2.292565E-10
2.800000E-01  1.873813E-01  1.888013E-10
2.800000E-01  1.564345E-01  1.549647E-10
2.800000E-01  1.253332E-01  1.267066E-10
2.800000E-01  9.410831E-02  1.032708E-10
2.800000E-01  6.279052E-02  8.390973E-11
2.800000E-01  3.141076E-02  6.798357E-11
2.800000E-01  -1.271035E-15  5.494862E-11
3.000000E-01  1.000000E+00  1.964297E-08
3.000000E-01  9.995066E-01  1.960163E-08
3.000000E-01  9.980267E-01  1.947359E-08
3.000000E-01  9.955620E-01  1.926756E-08
3.000000E-01  9.921147E-01  1.897001E-08
3.000000E-01  9.876883E-01  1.859599E-08
3.000000E-01  9.822873E-01  1.760253E-08
3.000000E-01  9.759168E-01  1.764921E-08
3.000000E-01  9.685832E-01  1.707399E-08
3.000000E-01  9.602937E-01  1.644960E-08
3.000000E-01  9.510565E-01  1.577045E-08
3.000000E-01  9.408808E-01  1.504931E-08
3.000000E-01  9.297765E-01  1.428318E-08
3.000000E-01  9.177546E-01  1.350715E-08
3.000000E-01  9.048271E-01  1.270494E-08
3.000000E-01  8.910065E-01  1.188120E-08
3.000000E-01  8.763067E-01  1.103725E-08
3.000000E-01  8.607420E-01  1.026089E-08
3.000000E-01  8.443279E-01  9.468797E-09
3.000000E-01  8.270806E-01  8.686312E-09
3.000000E-01  8.090170E-01  7.937976E-09
3.000000E-01  7.901550E-01  7.214552E-09
3.000000E-01  7.705132E-01  6.520920E-09
3.000000E-01  7.501111E-01  5.866009E-09
3.000000E-01  7.289686E-01  5.247656E-09
3.000000E-01  7.071068E-01  4.671094E-09
3.000000E-01  6.845471E-01  4.136249E-09
3.000000E-01  6.613119E-01  3.643796E-09
3.000000E-01  6.374240E-01  3.192359E-09
3.000000E-01  6.129071E-01  2.782016E-09
3.000000E-01  5.877853E-01  2.410635E-09
3.000000E-01  5.620834E-01  2.078722E-09
3.000000E-01  5.358268E-01  1.782614E-09
3.000000E-01  5.090414E-01  1.521481E-09
3.000000E-01  4.817537E-01  1.291924E-09
3.000000E-01  4.539905E-01  1.090734E-09
3.000000E-01  4.257793E-01  9.170847E-10
3.000000E-01  3.971479E-01  7.655852E-10
3.000000E-01  3.681246E-01  6.366181E-10
3.000000E-01  3.387379E-01  5.268682E-10
3.000000E-01  3.090170E-01  4.338297E-10
3.000000E-01  2.789911E-01  3.556111E-10
3.000000E-01  2.486899E-01  2.901613E-10
3.000000E-01  2.181432E-01  2.357157E-10
3.000000E-01  1.873813E-01  1.906929E-10
3.000000E-01  1.564345E-01  1.536499E-10
3.000000E-01  1.253332E-01  1.233080E-10
3.000000E-01  9.410831E-02  9.860317E-11
3.000000E-01  6.279052E-02  7.854698E-11
3.000000E-01  3.141076E-02  6.240977E-11
3.000000E-01  -1.271035E-15  4.939530E-11
3.200000E-01  1.000000E+00  2.711362E-08
3.200000E-01  9.995066E-01  2.696291E-08
3.200000E-01  9.980267E-01  2.686868E-08
3.200000E-01  9.955620E-01  2.656793E-08
3.200000E-01  9.921147E-01  2.614660E-08
3.200000E-01  9.876883E-01  2.561496E-08
3.200000E-01  9.822873E-01  2.415318E-08
3.200000E-01  9.759168E-01  2.424992E-08
3.200000E-01  9.685832E-01  2.334177E-08
3.200000E-01  9.602937E-01  2.251157E-08
3.200000E-01  9.510565E-01  2.152302E-08
3.200000E-01  9.408808E-01  2.049875E-08
3.200000E-01  9.297765E-01  1.941153E-08
3.200000E-01  9.177546E-01  1.828767E-08
3.200000E-01  9.048271E-01  1.701709E-08
3.200000E-01  8.910065E-01  1.593585E-08
3.200000E-01  8.763067E-01  1.480095E-08
3.200000E-01  8.607420E-01  1.361519E-08
3.200000E-01  8.443279E-01  1.255270E-08
3.200000E-01  8.270806E-01  1.146082E-08
3.200000E-01  8.090170E-01  1.040862E-08
3.200000E-01  7.901550E-01  9.402330E-09
3.200000E-01  7.705132E-01  8.443014E-09
3.200000E-01  7.501111E-01  7.539855E-09
3.200000E-01  7.289686E-01  6.694972E-09
3.200000E-01  7.071068E-01  5.911983E-09
3.200000E-01  6.845471E-01  5.188680E-09
3.200000E-01  6.613119E-01  4.527528E-09
3.200000E-01  6.374240E-01  3.929029E-09
3.200000E-01  6.129071E-01  3.388492E-09
3.200000E-01  5.877853E-01  2.905477E-09
3.200000E-01  5.620834E-01  2.476039E-09
3.200000E-01  5.358268E-01  2.098614E-09
3.200000E-01  5.090414E-01  1.768355E-09
3.200000E-01  4.817537E-01  1.481903E-09
3.200000E-01  4.539905E-01  1.234373E-09
3.200000E-01  4.257793E-01  1.022467E-09
3.200000E-01  3.971479E-01  8.419281E-10
3.200000E-01  3.681246E-01  6.891576E-10
3.200000E-01  3.387379E-01  5.613319E-10
3.200000E-01  3.090170E-01  4.547423E-10
3.200000E-01  2.789911E-01  3.664884E-10
3.200000E-01  2.486899E-01  2.939581E-10
3.200000E-01  2.181432E-01  2.342771E-10
3.200000E-01  1.873813E-01  1.862399E-10
3.200000E-01  1.564345E-01  1.472479E-10
3.200000E-01  1.253332E-01  1.158870E-10
3.200000E-01  9.410831E-02  9.079543E-11
3.200000E-01  6.279052E-02  7.096882E-11
3.200000E-01  3.141076E-02  5.563621E-11
3.200000E-01  -1.271035E-15  4.276038E-11
3.400000E-01  1.000000E+00  3.630857E-08
3.400000E-01  9.995066E-01  3.620214E-08
3.400000E-01  9.980267E-01  3.599648E-08
3.400000E-01  9.955620E-01  3.557414E-08
3.400000E-01  9.921147E-01  3.499639E-08
3.400000E-01  9.876883E-01  3.427852E-08
3.400000E-01  9.822873E-01  3.220265E-08
3.400000E-01  9.759168E-01  3.234229E-08
3.400000E-01  9.685832E-01  3.119411E-08
3.400000E-01  9.602937E-01  2.993602E-08
3.400000E-01  9.510565E-01  2.856831E-08
3.400000E-01  9.408808E-01  2.713190E-08
3.400000E-01  9.297765E-01  2.563163E-08
3.400000E-01  9.177546E-01  2.405678E-08
3.400000E-01  9.048271E-01  2.243863E-08
3.400000E-01  8.910065E-01  2.080555E-08
3.400000E-01  8.763067E-01  1.924664E-08
3.400000E-01  8.607420E-01  1.766497E-08
3.400000E-01  8.443279E-01  1.618333E-08
3.400000E-01  8.270806E-01  1.470772E-08
3.400000E-01  8.090170E-01  1.328395E-08
3.400000E-01  7.901550E-01  1.192263E-08
3.400000E-01  7.705132E-01  1.064176E-08
3.400000E-01  7.501111E-01  9.435080E-09
3.400000E-01  7.289686E-01  8.310761E-09
3.400000E-01  7.071068E-01  7.294006E-09
3.400000E-01  6.845471E-01  6.335034E-09
3.400000E-01  6.613119E-01  5.477636E-09
3.400000E-01  6.374240E-01  4.706375E-09
3.400000E-01  6.129071E-01  4.018524E-09
3.400000E-01  5.877853E-01  3.407448E-09
3.400000E-01  5.620834E-01  2.871106E-09
3.400000E-01  5.358268E-01  1.373607E-09
3.400000E-01  5.090414E-01  1.123602E-09
3.400000E-01  4.817537E-01  9.143663E-10
3.400000E-01  4.539905E-01  7.388113E-10
3.400000E-01  4.257793E-01  5.933497E-10
3.400000E-01  3.971479E-01  8.989928E-10
3.400000E-01  3.681246E-01  3.759132E-10
3.400000E-01  3.387379E-01  2.963888E-10
3.400000E-01  3.090170E-01  2.324728E-10
3.400000E-01  2.789911E-01  1.814633E-10
3.400000E-01  2.486899E-01  1.407757E-10
3.400000E-01  2.181432E-01  2.258420E-10
3.400000E-01  1.873813E-01  1.760163E-10
3.400000E-01  1.564345E-01  1.364543E-10
3.400000E-01  1.253332E-01  1.052399E-10
3.400000E-01  9.410831E-02  8.087199E-11
3.400000E-01  6.279052E-02  6.182550E-11
3.400000E-01  3.141076E-02  4.708641E-11
3.400000E-01  -1.271035E-15  3.572616E-11
3.600000E-01  1.000000E+00  4.741063E-08
3.600000E-01  9.995066E-01  4.729945E-08
3.600000E-01  9.980267E-01  4.696022E-08
3.600000E-01  9.955620E-01  4.638951E-08
3.600000E-01  9.921147E-01  4.560421E-08
3.600000E-01  9.876883E-01  4.458840E-08
3.600000E-01  9.822873E-01  4.181475E-08
3.600000E-01  9.759168E-01  4.202799E-08
3.600000E-01  9.685832E-01  4.046670E-08
3.600000E-01  9.602937E-01  3.876332E-08
3.600000E-01  9.510565E-01  3.693377E-08
3.600000E-01  9.408808E-01  3.499024E-08
3.600000E-01  9.297765E-01  3.296476E-08
3.600000E-01  9.177546E-01  3.081324E-08
3.600000E-01  9.048271E-01  2.869124E-08
3.600000E-01  8.910065E-01  2.653964E-08
3.600000E-01  8.763067E-01  2.437393E-08
3.600000E-01  8.607420E-01  2.231842E-08
3.600000E-01  8.443279E-01  2.030579E-08
3.600000E-01  8.270806E-01  1.838571E-08
3.600000E-01  8.090170E-01  1.651710E-08
3.600000E-01  7.901550E-01  1.474609E-08
3.600000E-01  7.705132E-01  1.306531E-08
3.600000E-01  7.501111E-01  7.492159E-09
3.600000E-01  7.289686E-01  6.416274E-09
3.600000E-01  7.071068E-01  8.742006E-09
3.600000E-01  6.845471E-01  7.541707E-09
3.600000E-01  6.613119E-01  6.459601E-09
3.600000E-01  6.374240E-01  5.496610E-09
3.600000E-01  6.129071E-01  4.650089E-09
3.600000E-01  5.877853E-01  3.896937E-09
3.600000E-01  5.620834E-01  3.243549E-09
3.600000E-01  5.358268E-01  2.682417E-09
3.600000E-01  5.090414E-01  2.201499E-09
3.600000E-01  4.817537E-01  1.795327E-09
3.600000E-01  4.539905E-01  1.453491E-09
3.600000E-01  4.257793E-01  1.168557E-09
3.600000E-01  3.971479E-01  9.321865E-10
3.600000E-01  3.681246E-01  7.389394E-10
3.600000E-01  3.387379E-01  5.836764E-10
3.600000E-01  3.090170E-01  4.563849E-10
3.600000E-01  2.789911E-01  3.550112E-10
3.600000E-01  2.486899E-01  2.744829E-10
3.600000E-01  2.181432E-01  2.109144E-10
3.600000E-01  1.873813E-01  1.611307E-10
3.600000E-01  1.564345E-01  1.224021E-10
3.600000E-01  1.253332E-01  9.260478E-11
3.600000E-01  9.410831E-02  6.951488E-11
3.600000E-01  6.279052E-02  5.206354E-11
3.600000E-01  3.141076E-02  1.666071E-11
3.600000E-01  -1.271035E-15  2.878926E-11
3.800000E-01  1.000000E+00  6.036712E-08
3.800000E-01  9.995066E-01  6.023465E-08
3.800000E-01  9.980267E-01  5.979098E-08
3.800000E-01  9.955620E-01  5.904076E-08
3.800000E-01  9.921147E-01  5.801945E-08
3.800000E-01  9.876883E-01  5.670690E-08
3.800000E-01  9.822873E-01  5.303382E-08
3.800000E-01  9.759168E-01  5.330347E-08
3.800000E-01  9.685832E-01  5.126567E-08
3.800000E-01  9.602937E-01  4.903637E-08
3.800000E-01  9.510565E-01  4.663450E-08
3.800000E-01  9.408808E-01  4.406897E-08
3.800000E-01  9.297765E-01  4.141909E-08
3.800000E-01  9.177546E-01  3.860517E-08
3.800000E-01  9.048271E-01  3.586177E-08
3.800000E-01  8.910065E-01  3.312382E-08
3.800000E-01  8.763067E-01  3.033202E-08
3.800000E-01  8.607420E-01  2.760753E-08
3.800000E-01  8.443279E-01  2.494804E-08
3.800000E-01  8.270806E-01  1.538032E-08
3.800000E-01  8.090170E-01  2.003207E-08
3.800000E-01  7.901550E-01  1.778933E-08
3.800000E-01  7.705132E-01  1.567524E-08
3.800000E-01  7.501111E-01  1.371011E-08
3.800000E-01  7.289686E-01  1.191190E-08
3.800000E-01  7.071068E-01  1.025533E-08
3.800000E-01  6.845471E-01  8.770188E-09
3.800000E-01  6.613119E-01  7.443635E-09
3.800000E-01  6.374240E-01  6.271806E-09
3.800000E-01  6.129071E-01  5.238699E-09
3.800000E-01  5.877853E-01  4.344123E-09
3.800000E-01  5.620834E-01  3.574198E-09
3.800000E-01  5.358268E-01  2.918762E-09
3.800000E-01  5.090414E-01  2.364511E-09
3.800000E-01  4.817537E-01  1.900188E-09
3.800000E-01  4.539905E-01  1.516518E-09
3.800000E-01  4.257793E-01  1.200849E-09
3.800000E-01  3.971479E-01  9.471087E-10
3.800000E-01  3.681246E-01  7.360439E-10
3.800000E-01  3.387379E-01  5.696727E-10
3.800000E-01  3.090170E-01  4.380601E-10
3.800000E-01  2.789911E-01  3.345195E-10
3.800000E-01  2.486899E-01  2.537221E-10
3.800000E-01  2.181432E-01  1.910752E-10
3.800000E-01  1.873813E-01  1.431014E-10
3.800000E-01  1.564345E-01  1.064808E-10
3.800000E-01  1.253332E-01  7.877020E-11
3.800000E-01  9.410831E-02  5.794209E-11
3.800000E-01  6.279052E-02  4.240134E-11
3.800000E-01  3.141076E-02  3.088465E-11
3.800000E-01  -1.271035E-15  2.239418E-11
4.000000E-01  1.000000E+00  7.531643E-08
4.000000E-01  9.995066E-01  7.512236E-08
4.000000E-01  9.980267E-01  7.451938E-08
4.000000E-01  9.955620E-01  7.359160E-08
4.000000E-01  9.921147E-01  7.227050E-08
4.000000E-01  9.876883E-01  7.056977E-08
4.000000E-01  9.822873E-01  6.587733E-08
4.000000E-01  9.759168E-01  6.621980E-08
4.000000E-01  9.685832E-01  6.361267E-08
4.000000E-01  9.602937E-01  6.073933E-08
4.000000E-01  9.510565E-01  5.765922E-08
4.000000E-01  9.408808E-01  5.438739E-08
4.000000E-01  9.297765E-01  5.086958E-08
4.000000E-01  9.177546E-01  4.745047E-08
4.000000E-01  9.048271E-01  4.389412E-08
4.000000E-01  8.910065E-01  4.017267E-08
4.000000E-01  8.763067E-01  2.632560E-08
4.000000E-01  8.607420E-01  3.349391E-08
4.000000E-01  8.443279E-01  3.017480E-08
4.000000E-01  8.270806E-01  2.698285E-08
4.000000E-01  8.090170E-01  2.391913E-08
4.000000E-01  7.901550E-01  2.108659E-08
4.000000E-01  7.705132E-01  1.844445E-08
4.000000E-01  7.501111E-01  1.601526E-08
4.000000E-01  7.289686E-01  1.385685E-08
4.000000E-01  7.071068E-01  1.178430E-08
4.000000E-01  6.845471E-01  9.989707E-09
4.000000E-01  6.613119E-01  8.404327E-09
4.000000E-01  6.374240E-01  6.997791E-09
4.000000E-01  6.129071E-01  5.786219E-09
4.000000E-01  5.877853E-01  4.742550E-09
4.000000E-01  5.620834E-01  3.852649E-09
4.000000E-01  5.358268E-01  3.116681E-09
4.000000E-01  5.090414E-01  2.499611E-09
4.000000E-01  4.817537E-01  1.982640E-09
4.000000E-01  4.539905E-01  1.557809E-09
4.000000E-01  4.257793E-01  1.203836E-09
4.000000E-01  3.971479E-01  9.300474E-10
4.000000E-01  3.681246E-01  7.127775E-10
4.000000E-01  3.387379E-01  5.419878E-10
4.000000E-01  3.090170E-01  4.091761E-10
4.000000E-01  2.789911E-01  3.065384E-10
4.000000E-01  2.486899E-01  2.322929E-10
4.000000E-01  2.181432E-01  1.688358E-10
4.000000E-01  1.873813E-01  1.233328E-10
4.000000E-01  1.564345E-01  8.982425E-11
4.000000E-01  1.253332E-01  9.187678E-11
4.000000E-01  9.410831E-02  4.673219E-11
4.000000E-01  6.279052E-02  3.341698E-11
4.000000E-01  3.141076E-02  2.377774E-11
4.000000E-01  -1.271035E-15  1.683520E-11
4.200000E-01  1.000000E+00  9.232940E-08
4.200000E-01  9.995066E-01  9.208480E-08
4.200000E-01  9.980267E-01  9.130875E-08
4.200000E-01  9.955620E-01  9.011367E-08
4.200000E-01  9.921147E-01  8.846983E-08
4.200000E-01  9.876883E-01  8.633939E-08
4.200000E-01  9.822873E-01  8.041599E-08
4.200000E-01  9.759168E-01  8.085363E-08
4.200000E-01  9.685832E-01  7.755770E-08
4.200000E-01  9.602937E-01  7.393997E-08
4.200000E-01  9.510565E-01  7.005189E-08
4.200000E-01  9.408808E-01  6.583411E-08
4.200000E-01  9.297765E-01  6.161304E-08
4.200000E-01  9.177546E-01  4.209564E-08
4.200000E-01  9.048271E-01  5.280143E-08
4.200000E-01  8.910065E-01  4.840601E-08
4.200000E-01  8.763067E-01  4.407260E-08
4.200000E-01  8.607420E-01  3.983667E-08
4.200000E-01  8.443279E-01  3.570211E-08
4.200000E-01  8.270806E-01  3.176704E-08
4.200000E-01  8.090170E-01  2.804398E-08
4.200000E-01  7.901550E-01  2.455697E-08
4.200000E-01  7.705132E-01  2.133468E-08
4.200000E-01  7.501111E-01  1.838150E-08
4.200000E-01  7.289686E-01  1.571589E-08
4.200000E-01  7.071068E-01  1.330397E-08
4.200000E-01  6.845471E-01  1.120415E-08
4.200000E-01  6.613119E-01  9.292035E-09
4.200000E-01  6.374240E-01  7.690879E-09
4.200000E-01  6.129071E-01  6.309330E-09
4.200000E-01  5.877853E-01  5.112191E-09
4.200000E-01  5.620834E-01  4.102276E-09
4.200000E-01  5.358268E-01  3.262422E-09
4.200000E-01  5.090414E-01  2.547261E-09
4.200000E-01  4.817537E-01  1.988319E-09
4.200000E-01  4.539905E-01  1.538406E-09
4.200000E-01  4.257793E-01  1.179555E-09
4.200000E-01  3.971479E-01  8.961245E-10
4.200000E-01  3.681246E-01  6.748450E-10
4.200000E-01  3.387379E-01  5.038703E-10
4.200000E-01  3.090170E-01  3.735808E-10
4.200000E-01  2.789911E-01  2.738727E-10
4.200000E-01  2.486899E-01  1.995211E-10
4.200000E-01  2.181432E-01  1.442152E-10
4.200000E-01  1.873813E-01  1.034504E-10
4.200000E-01  1.564345E-01  7.367481E-11
4.200000E-01  1.253332E-01  5.212373E-11
4.200000E-01  9.410831E-02  3.661830E-11
4.200000E-01  6.279052E-02  2.555600E-11
4.200000E-01  3.141076E-02  1.774913E-11
4.200000E-01  -1.271035E-15  1.226429E-11
4.400000E-01  1.000000E+00  1.117886E-07
4.400000E-01  9.995066E-01  1.113955E-07
4.400000E-01  9.980267E-01  1.105394E-07
4.400000E-01  9.955620E-01  1.090259E-07
4.400000E-01  9.921147E-01  1.069943E-07
4.400000E-01  9.876883E-01  1.043191E-07
4.400000E-01  9.822873E-01  9.700630E-08
4.400000E-01  9.759168E-01  9.749829E-08
4.400000E-01  9.685832E-01  9.338559E-08
4.400000E-01  9.602937E-01  8.888995E-08
4.400000E-01  9.510565E-01  8.406330E-08
4.400000E-01  9.408808E-01  5.901210E-08
4.400000E-01  9.297765E-01  7.355140E-08
4.400000E-01  9.177546E-01  6.813205E-08
4.400000E-01  9.048271E-01  6.269651E-08
4.400000E-01  8.910065E-01  5.728564E-08
4.400000E-01  8.763067E-01  5.194755E-08
4.400000E-01  8.607420E-01  4.673682E-08
4.400000E-01  8.443279E-01  4.169563E-08
4.400000E-01  8.270806E-01  3.691007E-08
4.400000E-01  8.090170E-01  3.239870E-08
4.400000E-01  7.901550E-01  2.819604E-08
4.400000E-01  7.705132E-01  2.432259E-08
4.400000E-01  7.501111E-01  2.079826E-08
4.400000E-01  7.289686E-01  1.761942E-08
4.400000E-01  7.071068E-01  1.479261E-08
4.400000E-01  6.845471E-01  1.238389E-08
4.400000E-01  6.613119E-01  1.020579E-08
4.400000E-01  6.374240E-01  8.325732E-09
4.400000E-01  6.129071E-01  6.724689E-09
4.400000E-01  5.877853E-01  5.379922E-09
4.400000E-01  5.620834E-01  4.222338E-09
4.400000E-01  5.358268E-01  3.332667E-09
4.400000E-01  5.090414E-01  2.570387E-09
4.400000E-01  4.817537E-01  1.975331E-09
4.400000E-01  4.539905E-01  1.502571E-09
4.400000E-01  4.257793E-01  1.133487E-09
4.400000E-01  3.971479E-01  8.458591E-10
4.400000E-01  3.681246E-01  6.254444E-10
4.400000E-01  3.387379E-01  4.582088E-10
4.400000E-01  3.090170E-01  3.325818E-10
4.400000E-01  2.789911E-01  2.392812E-10
4.400000E-01  2.486899E-01  1.706368E-10
4.400000E-01  2.181432E-01  1.206875E-10
4.400000E-01  1.873813E-01  8.465371E-11
4.400000E-01  1.564345E-01  5.891961E-11
4.400000E-01  1.253332E-01  4.070019E-11
4.400000E-01  9.410831E-02  2.790679E-11
4.400000E-01  6.279052E-02  1.901232E-11
4.400000E-01  3.141076E-02  1.287624E-11
4.400000E-01  -1.271035E-15  8.669449E-12
4.600000E-01  1.000000E+00  1.347506E-07
4.600000E-01  9.995066E-01  1.343290E-07
4.600000E-01  9.980267E-01  1.331890E-07
4.600000E-01  9.955620E-01  1.313574E-07
4.600000E-01  9.921147E-01  1.285996E-07
4.600000E-01  9.876883E-01  1.253437E-07
4.600000E-01  9.822873E-01  1.165009E-07
4.600000E-01  9.759168E-01  1.170107E-07
4.600000E-01  9.685832E-01  1.119387E-07
4.600000E-01  9.602937E-01  1.063320E-07
4.600000E-01  9.510565E-01  1.001538E-07
4.600000E-01  9.408808E-01  9.391057E-08
4.600000E-01  9.297765E-01  8.744760E-08
4.600000E-01  9.177546E-01  8.083159E-08
4.600000E-01  9.048271E-01  7.417858E-08
4.600000E-01  8.910065E-01  6.739237E-08
4.600000E-01  8.763067E-01  6.085111E-08
4.600000E-01  8.607420E-01  5.448756E-08
4.600000E-01  8.443279E-01  4.838158E-08
4.600000E-01  8.270806E-01  4.258835E-08
4.600000E-01  8.090170E-01  3.716569E-08
4.600000E-01  7.901550E-01  3.211683E-08
4.600000E-01  7.705132E-01  2.749585E-08
4.600000E-01  7.501111E-01  2.327752E-08
4.600000E-01  7.289686E-01  1.958844E-08
4.600000E-01  7.071068E-01  1.641673E-08
4.600000E-01  6.845471E-01  1.351453E-08
4.600000E-01  6.613119E-01  1.091977E-08
4.600000E-01  6.374240E-01  8.804759E-09
4.600000E-01  6.129071E-01  7.024117E-09
4.600000E-01  5.877853E-01  5.545448E-09
4.600000E-01  5.620834E-01  4.331440E-09
4.600000E-01  5.358268E-01  3.347403E-09
4.600000E-01  5.090414E-01  2.559365E-09
4.600000E-01  4.817537E-01  1.936217E-09
4.600000E-01  4.539905E-01  1.448978E-09
4.600000E-01  4.257793E-01  1.073131E-09
4.600000E-01  3.971479E-01  7.863673E-10
4.600000E-01  3.681246E-01  5.704254E-10
4.600000E-01  3.387379E-01  4.096560E-10
4.600000E-01  3.090170E-01  2.913569E-10
4.600000E-01  2.789911E-01  2.052298E-10
4.600000E-01  2.486899E-01  1.431998E-10
4.600000E-01  2.181432E-01  9.901544E-11
4.600000E-01  1.873813E-01  6.789034E-11
4.600000E-01  1.564345E-01  4.614258E-11
4.600000E-01  1.253332E-01  3.111468E-11
4.600000E-01  9.410831E-02  2.081139E-11
4.600000E-01  6.279052E-02  1.382061E-11
4.600000E-01  3.141076E-02  9.128575E-12
4.600000E-01  -1.271035E-15  5.989629E-12
4.800000E-01  1.000000E+00  1.644498E-07
4.800000E-01  9.995066E-01  1.641158E-07
4.800000E-01  9.980267E-01  1.626540E-07
4.800000E-01  9.955620E-01  1.602240E-07
4.800000E-01  9.921147E-01  1.568027E-07
4.800000E-01  9.876883E-01  1.528029E-07
4.800000E-01  9.822873E-01  1.417564E-07
4.800000E-01  9.759168E-01  1.420962E-07
4.800000E-01  9.685832E-01  1.355440E-07
4.800000E-01  9.602937E-01  9.811714E-08
4.800000E-01  9.510565E-01  1.209233E-07
4.800000E-01  9.408808E-01  1.131617E-07
4.800000E-01  9.297765E-01  1.050234E-07
4.800000E-01  9.177546E-01  9.661048E-08
4.800000E-01  9.048271E-01  8.825568E-08
4.800000E-01  8.910065E-01  8.002934E-08
4.800000E-01  8.763067E-01  7.192562E-08
4.800000E-01  8.607420E-01  6.407899E-08
4.800000E-01  8.443279E-01  5.656525E-08
4.800000E-01  8.270806E-01  4.948042E-08
4.800000E-01  8.090170E-01  4.284655E-08
4.800000E-01  7.901550E-01  3.678709E-08
4.800000E-01  7.705132E-01  3.134829E-08
4.800000E-01  7.501111E-01  2.626048E-08
4.800000E-01  7.289686E-01  2.201896E-08
4.800000E-01  7.071068E-01  1.814335E-08
4.800000E-01  6.845471E-01  1.467111E-08
4.800000E-01  6.613119E-01  1.179496E-08
4.800000E-01  6.374240E-01  9.398809E-09
4.800000E-01  6.129071E-01  7.407269E-09
4.800000E-01  5.877853E-01  5.766228E-09
4.800000E-01  5.620834E-01  4.441654E-09
4.800000E-01  5.358268E-01  3.375598E-09
4.800000E-01  5.090414E-01  2.538830E-09
4.800000E-01  4.817537E-01  1.891591E-09
4.800000E-01  4.539905E-01  1.390623E-09
4.800000E-01  4.257793E-01  1.010796E-09
4.800000E-01  3.971479E-01  7.283672E-10
4.800000E-01  3.681246E-01  5.173934E-10
4.800000E-01  3.387379E-01  3.639160E-10
4.800000E-01  3.090170E-01  2.535578E-10
4.800000E-01  2.789911E-01  1.746426E-10
4.800000E-01  2.486899E-01  1.192363E-10
4.800000E-01  2.181432E-01  8.059650E-11
4.800000E-01  1.873813E-01  5.393517E-11
4.800000E-01  1.564345E-01  3.578398E-11
4.800000E-01  1.253332E-01  2.356671E-11
4.800000E-01  9.410831E-02  1.535895E-11
4.800000E-01  6.279052E-02  9.942089E-12
4.800000E-01  3.141076E-02  6.397991E-12
4.800000E-01  -1.271035E-15  4.090105E-12
5.000000E-01  1.000000E+00  2.044320E-07
5.000000E-01  9.995066E-01  2.040426E-07
5.000000E-01  9.980267E-01  2.022626E-07
5.000000E-01  9.955620E-01  1.991418E-07
5.000000E-01  9.921147E-01  1.947348E-07
5.000000E-01  9.876883E-01  1.888410E-07
5.000000E-01  9.822873E-01  1.836456E-07
5.000000E-01  9.759168E-01  1.752994E-07
5.000000E-01  9.685832E-01  1.273166E-07
5.000000E-01  9.602937E-01  1.582418E-07
5.000000E-01  9.510565E-01  1.490782E-07
5.000000E-01  9.408808E-01  1.384519E-07
5.000000E-01  9.297765E-01  1.278447E-07
5.000000E-01  9.177546E-01  1.163813E-07
5.000000E-01  9.048271E-01  1.069173E-07
5.000000E-01  8.910065E-01  9.637540E-08
5.000000E-01  8.763067E-01  8.628144E-08
5.000000E-01  8.607420E-01  7.639901E-08
5.000000E-01  8.443279E-01  6.715848E-08
5.000000E-01  8.270806E-01  5.804540E-08
5.000000E-01  8.090170E-01  5.022575E-08
5.000000E-01  7.901550E-01  4.302427E-08
5.000000E-01  7.705132E-01  3.602651E-08
5.000000E-01  7.501111E-01  2.990362E-08
5.000000E-01  7.289686E-01  2.466800E-08
5.000000E-01  7.071068E-01  2.001243E-08
5.000000E-01  6.845471E-01  1.613376E-08
5.000000E-01  6.613119E-01  1.285313E-08
5.000000E-01  6.374240E-01  1.013025E-08
5.000000E-01  6.129071E-01  7.843271E-09
5.000000E-01  5.877853E-01  6.032829E-09
5.000000E-01  5.620834E-01  4.575827E-09
5.000000E-01  5.358268E-01  3.423846E-09
5.000000E-01  5.090414E-01  2.535293E-09
5.000000E-01  4.817537E-01  1.852669E-09
5.000000E-01  4.539905E-01  1.342273E-09
5.000000E-01  4.257793E-01  9.575029E-10
5.000000E-01  3.971479E-01  6.761707E-10
5.000000E-01  3.681246E-01  4.703803E-10
5.000000E-01  3.387379E-01  3.243762E-10
5.000000E-01  3.090170E-01  2.225617E-10
5.000000E-01  2.789911E-01  1.498628E-10
5.000000E-01  2.486899E-01  9.972238E-11
5.000000E-01  2.181432E-01  6.571424E-11
5.000000E-01  1.873813E-01  4.306774E-11
5.000000E-01  1.564345E-01  2.777280E-11
5.000000E-01  1.253332E-01  1.779709E-11
5.000000E-01  9.410831E-02  1.127324E-11
5.000000E-01  6.279052E-02  7.124067E-12
5.000000E-01  3.141076E-02  4.470059E-12
5.000000E-01  -1.271035E-15  2.785371E-12
5.200000E-01  1.000000E+00  2.518963E-07
5.200000E-01  9.995066E-01  2.518443E-07
5.200000E-01  9.980267E-01  2.465065E-07
5.200000E-01  9.955620E-01  2.448318E-07
5.200000E-01  9.921147E-01  2.408759E-07
5.200000E-01  9.876883E-01  2.320810E-07
5.200000E-01  9.822873E-01  2.247331E-07
5.200000E-01  9.759168E-01  2.145925E-07
5.200000E-01  9.685832E-01  2.037813E-07
5.200000E-01  9.602937E-01  2.003332E-07
5.200000E-01  9.510565E-01  1.789686E-07
5.200000E-01  9.408808E-01  1.674061E-07
5.200000E-01  9.297765E-01  1.555311E-07
5.200000E-01  9.177546E-01  1.413972E-07
5.200000E-01  9.048271E-01  1.278469E-07
5.200000E-01  8.910065E-01  1.169201E-07
5.200000E-01  8.763067E-01  1.009245E-07
5.200000E-01  8.607420E-01  8.956336E-08
5.200000E-01  8.443279E-01  7.853151E-08
5.200000E-01  8.270806E-01  6.775474E-08
5.200000E-01  8.090170E-01  5.779159E-08
5.200000E-01  7.901550E-01  4.904891E-08
5.200000E-01  7.705132E-01  4.176992E-08
5.200000E-01  7.501111E-01  3.399037E-08
5.200000E-01  7.289686E-01  2.770012E-08
5.200000E-01  7.071068E-01  2.208274E-08
5.200000E-01  6.845471E-01  1.774218E-08
5.200000E-01  6.613119E-01  1.399813E-08
5.200000E-01  6.374240E-01  1.090142E-08
5.200000E-01  6.129071E-01  8.348266E-09
5.200000E-01  5.877853E-01  6.317894E-09
5.200000E-01  5.620834E-01  4.691073E-09
5.200000E-01  5.358268E-01  3.469819E-09
5.200000E-01  5.090414E-01  2.520063E-09
5.200000E-01  4.817537E-01  1.799736E-09
5.200000E-01  4.539905E-01  1.279447E-09
5.200000E-01  4.257793E-01  8.948417E-10
5.200000E-01  3.971479E-01  6.160536E-10
5.200000E-01  3.681246E-01  4.232679E-10
5.200000E-01  3.387379E-01  2.856648E-10
5.200000E-01  3.090170E-01  1.900908E-10
5.200000E-01  2.789911E-01  1.256499E-10
5.200000E-01  2.486899E-01  8.219668E-11
5.200000E-01  2.181432E-01  5.238880E-11
5.200000E-01  1.873813E-01  3.354430E-11
5.200000E-01  1.564345E-01  2.079748E-11
5.200000E-01  1.253332E-01  1.337842E-11
5.200000E-01  9.410831E-02  8.145946E-12
5.200000E-01  6.279052E-02  4.954747E-12
5.200000E-01  3.141076E-02  3.031286E-12
5.200000E-01  -1.271035E-15  1.838375E-12
5.400000E-01  1.000000E+00  2.936906E-07
5.400000E-01  9.995066E-01  2.973795E-07
5.400000E-01  9.980267E-01  2.886880E-07
5.400000E-01  9.955620E-01  2.918538E-07
5.400000E-01  9.921147E-01  2.773914E-07
5.400000E-01  9.876883E-01  2.637158E-07
5.400000E-01  9.822873E-01  2.599466E-07
5.400000E-01  9.759168E-01  2.484170E-07
5.400000E-01  9.685832E-01  2.348745E-07
5.400000E-01  9.602937E-01  2.247707E-07
5.400000E-01  9.510565E-01  2.103113E-07
5.400000E-01  9.408808E-01  1.937193E-07
5.400000E-01  9.297765E-01  1.803105E-07
5.400000E-01  9.177546E-01  1.594393E-07
5.400000E-01  9.048271E-01  1.486868E-07
5.400000E-01  8.910065E-01  1.323947E-07
5.400000E-01  8.763067E-01  1.183422E-07
5.400000E-01  8.607420E-01  1.055528E-07
5.400000E-01  8.443279E-01  8.957836E-08
5.400000E-01  8.270806E-01  7.744565E-08
5.400000E-01  8.090170E-01  6.513241E-08
5.400000E-01  7.901550E-01  5.520622E-08
5.400000E-01  7.705132E-01  4.539014E-08
5.400000E-01  7.501111E-01  3.702617E-08
5.400000E-01  7.289686E-01  2.970936E-08
5.400000E-01  7.071068E-01  2.365179E-08
5.400000E-01  6.845471E-01  1.863823E-08
5.400000E-01  6.613119E-01  1.471295E-08
5.400000E-01  6.374240E-01  1.116945E-08
5.400000E-01  6.129071E-01  8.691502E-09
5.400000E-01  5.877853E-01  6.315743E-09
5.400000E-01  5.620834E-01  4.694244E-09
5.400000E-01  5.358268E-01  3.338809E-09
5.400000E-01  5.090414E-01  2.366624E-09
5.400000E-01  4.817537E-01  1.681659E-09
5.400000E-01  4.539905E-01  1.168266E-09
5.400000E-01  4.257793E-01  5.481048E-10
5.400000E-01  3.971479E-01  3.785882E-10
5.400000E-01  3.681246E-01  3.022148E-10
5.400000E-01  3.387379E-01  1.636930E-10
5.400000E-01  3.090170E-01  1.081593E-10
5.400000E-01  2.789911E-01  9.616906E-11
5.400000E-01  2.486899E-01  6.432891E-11
5.400000E-01  2.181432E-01  4.042572E-11
5.400000E-01  1.873813E-01  2.491843E-11
5.400000E-01  1.564345E-01  1.509584E-11
5.400000E-01  1.253332E-01  9.344613E-12
5.400000E-01  9.410831E-02  5.138735E-12
5.400000E-01  6.279052E-02  3.250751E-12
5.400000E-01  3.141076E-02  1.927910E-12
5.400000E-01  -1.271035E-15  1.132916E-12
5.600000E-01  1.000000E+00  3.018113E-07
5.600000E-01  9.995066E-01  3.072322E-07
5.600000E-01  9.980267E-01  3.045099E-07
5.600000E-01  9.955620E-01  3.111453E-07
5.600000E-01  9.921147E-01  2.695050E-07
5.600000E-01  9.876883E-01  3.053663E-07
5.600000E-01  9.822873E-01  2.826642E-07
5.600000E-01  9.759168E-01  2.614195E-07
5.600000E-01  9.685832E-01  2.488639E-07
5.600000E-01  9.602937E-01  2.374893E-07
5.600000E-01  9.510565E-01  2.226766E-07
5.600000E-01  9.408808E-01  2.008889E-07
5.600000E-01  9.297765E-01  1.976779E-07
5.600000E-01  9.177546E-01  1.671673E-07
5.600000E-01  9.048271E-01  1.521929E-07
5.600000E-01  8.910065E-01  1.391471E-07
5.600000E-01  8.763067E-01  1.248365E-07
5.600000E-01  8.607420E-01  1.042944E-07
5.600000E-01  8.443279E-01  9.338335E-08
5.600000E-01  8.270806E-01  7.873271E-08
5.600000E-01  8.090170E-01  6.747815E-08
5.600000E-01  7.901550E-01  5.478990E-08
5.600000E-01  7.705132E-01  4.624619E-08
5.600000E-01  7.501111E-01  3.610994E-08
5.600000E-01  7.289686E-01  2.904274E-08
5.600000E-01  7.071068E-01  1.877664E-08
5.600000E-01  6.845471E-01  1.789469E-08
5.600000E-01  6.613119E-01  1.398200E-08
5.600000E-01  6.374240E-01  1.049942E-08
5.600000E-01  6.129071E-01  8.618017E-09
5.600000E-01  5.877853E-01  5.326390E-09
5.600000E-01  5.620834E-01  4.553085E-09
5.600000E-01  5.358268E-01  2.899562E-09
5.600000E-01  5.090414E-01  2.076477E-09
5.600000E-01  4.817537E-01  1.429150E-09
5.600000E-01  4.539905E-01  1.031468E-09
5.600000E-01  4.257793E-01  6.804032E-10
5.600000E-01  3.971479E-01  4.459876E-10
5.600000E-01  3.681246E-01  2.826123E-10
5.600000E-01  3.387379E-01  1.863378E-10
5.600000E-01  3.090170E-01  9.680748E-11
5.600000E-01  2.789911E-01  6.168395E-11
5.600000E-01  2.486899E-01  4.542860E-11
5.600000E-01  2.181432E-01  2.377472E-11
5.600000E-01  1.873813E-01  1.651192E-11
5.600000E-01  1.564345E-01  1.000127E-11
5.600000E-01  1.253332E-01  5.939127E-12
5.600000E-01  9.410831E-02  3.668440E-12
5.600000E-01  6.279052E-02  1.951355E-12
5.600000E-01  3.141076E-02  1.147082E-12
5.600000E-01  -1.271035E-15  6.538970E-13
5.800000E-01  1.000000E+00  1.117913E-06
5.800000E-01  9.995066E-01  3.071464E-07
5.800000E-01  9.980267E-01  3.356664E-07
5.800000E-01  9.955620E-01  3.036034E-07
5.800000E-01  9.921147E-01  2.990144E-07
5.800000E-01  9.876883E-01  3.121343E-07
5.800000E-01  9.822873E-01  2.650852E-07
5.800000E-01  9.759168E-01  2.632833E-07
5.800000E-01  9.685832E-01  2.384715E-07
5.800000E-01  9.602937E-01  2.595407E-07
5.800000E-01  9.510565E-01  2.629252E-07
5.800000E-01  9.408808E-01  2.127788E-07
5.800000E-01  9.297765E-01  1.906803E-07
5.800000E-01  9.177546E-01  1.729728E-07
5.800000E-01  9.048271E-01  1.669565E-07
5.800000E-01  8.910065E-01  1.617689E-07
5.800000E-01  8.763067E-01  1.185564E-07
5.800000E-01  8.607420E-01  1.080082E-07
5.800000E-01  8.443279E-01  1.0627