0.000000E+00  1.000000E+00  0.000000E+00
0.000000E+00  9.995066E-01  0.000000E+00
0.000000E+00  9.980267E-01  0.000000E+00
0.000000E+00  9.955620E-01  0.000000E+00
0.000000E+00  9.921147E-01  0.000000E+00
0.000000E+00  9.876883E-01  0.000000E+00
0.000000E+00  9.822873E-01  0.000000E+00
0.000000E+00  9.759168E-01  0.000000E+00
0.000000E+00  9.685832E-01  0.000000E+00
0.000000E+00  9.602937E-01  0.000000E+00
0.000000E+00  9.510565E-01  0.000000E+00
0.000000E+00  9.408808E-01  0.000000E+00
0.000000E+00  9.297765E-01  0.000000E+00
0.000000E+00  9.177546E-01  0.000000E+00
0.000000E+00  9.048271E-01  0.000000E+00
0.000000E+00  8.910065E-01  0.000000E+00
0.000000E+00  8.763067E-01  0.000000E+00
0.000000E+00  8.607420E-01  0.000000E+00
0.000000E+00  8.443279E-01  0.000000E+00
0.000000E+00  8.270806E-01  0.000000E+00
0.000000E+00  8.090170E-01  0.000000E+00
0.000000E+00  7.901550E-01  0.000000E+00
0.000000E+00  7.705132E-01  0.000000E+00
0.000000E+00  7.501111E-01  0.000000E+00
0.000000E+00  7.289686E-01  0.000000E+00
0.000000E+00  7.071068E-01  0.000000E+00
0.000000E+00  6.845471E-01  0.000000E+00
0.000000E+00  6.613119E-01  0.000000E+00
0.000000E+00  6.374240E-01  0.000000E+00
0.000000E+00  6.129071E-01  0.000000E+00
0.000000E+00  5.877853E-01  0.000000E+00
0.000000E+00  5.620834E-01  0.000000E+00
0.000000E+00  5.358268E-01  0.000000E+00
0.000000E+00  5.090414E-01  0.000000E+00
0.000000E+00  4.817537E-01  0.000000E+00
0.000000E+00  4.539905E-01  0.000000E+00
0.000000E+00  4.257793E-01  0.000000E+00
0.000000E+00  3.971479E-01  0.000000E+00
0.000000E+00  3.681246E-01  0.000000E+00
0.000000E+00  3.387379E-01  0.000000E+00
0.000000E+00  3.090170E-01  0.000000E+00
0.000000E+00  2.789911E-01  0.000000E+00
0.000000E+00  2.486899E-01  0.000000E+00
0.000000E+00  2.181432E-01  0.000000E+00
0.000000E+00  1.873813E-01  0.000000E+00
0.000000E+00  1.564345E-01  0.000000E+00
0.000000E+00  1.253332E-01  0.000000E+00
0.000000E+00  9.410831E-02  0.000000E+00
0.000000E+00  6.279052E-02  0.000000E+00
0.000000E+00  3.141076E-02  0.000000E+00
0.000000E+00  -1.271035E-15  0.000000E+00
2.000000E-02  1.000000E+00  3.283795E-12
2.000000E-02  9.995066E-01  3.271830E-12
2.000000E-02  9.980267E-01  3.281528E-12
2.000000E-02  9.955620E-01  3.279210E-12
2.000000E-02  9.921147E-01  3.275621E-12
2.000000E-02  9.876883E-01  3.269057E-12
2.000000E-02  9.822873E-01  3.266110E-12
2.000000E-02  9.759168E-01  3.259872E-12
2.000000E-02  9.685832E-01  3.252342E-12
2.000000E-02  9.602937E-01  3.255284E-12
2.000000E-02  9.510565E-01  3.245558E-12
2.000000E-02  9.408808E-01  3.234417E-12
2.000000E-02  9.297765E-01  3.222427E-12
2.000000E-02  9.177546E-01  3.209551E-12
2.000000E-02  9.048271E-01  3.195904E-12
2.000000E-02  8.910065E-01  3.181391E-12
2.000000E-02  8.763067E-01  3.166022E-12
2.000000E-02  8.607420E-01  3.149944E-12
2.000000E-02  8.443279E-01  3.129472E-12
2.000000E-02  8.270806E-01  3.110405E-12
2.000000E-02  8.090170E-01  3.095796E-12
2.000000E-02  7.901550E-01  3.077453E-12
2.000000E-02  7.705132E-01  3.056636E-12
2.000000E-02  7.501111E-01  3.038632E-12
2.000000E-02  7.289686E-01  3.018791E-12
2.000000E-02  7.071068E-01  2.997960E-12
2.000000E-02  6.845471E-01  2.976914E-12
2.000000E-02  6.613119E-01  2.955247E-12
2.000000E-02  6.374240E-01  2.932008E-12
2.000000E-02  6.129071E-01  2.909808E-12
2.000000E-02  5.877853E-01  2.887086E-12
2.000000E-02  5.620834E-01  2.863774E-12
2.000000E-02  5.358268E-01  2.841205E-12
2.000000E-02  5.090414E-01  2.817194E-12
2.000000E-02  4.817537E-01  2.798321E-12
2.000000E-02  4.539905E-01  2.768458E-12
2.000000E-02  4.257793E-01  2.743748E-12
2.000000E-02  3.971479E-01  2.718872E-12
2.000000E-02  3.681246E-01  2.693993E-12
2.000000E-02  3.387379E-01  2.668584E-12
2.000000E-02  3.090170E-01  2.643489E-12
2.000000E-02  2.789911E-01  2.618107E-12
2.000000E-02  2.486899E-01  2.592546E-12
2.000000E-02  2.181432E-01  2.567201E-12
2.000000E-02  1.873813E-01  2.541836E-12
2.000000E-02  1.564345E-01  2.516543E-12
2.000000E-02  1.253332E-01  2.490595E-12
2.000000E-02  9.410831E-02  2.466146E-12
2.000000E-02  6.279052E-02  2.440852E-12
2.000000E-02  3.141076E-02  2.416072E-12
2.000000E-02  -1.271035E-15  2.390870E-12
4.000000E-02  1.000000E+00  1.786875E-11
4.000000E-02  9.995066E-01  1.786268E-11
4.000000E-02  9.980267E-01  1.784588E-11
4.000000E-02  9.955620E-01  1.782081E-11
4.000000E-02  9.921147E-01  1.778558E-11
4.000000E-02  9.876883E-01  1.778246E-11
4.000000E-02  9.822873E-01  1.772400E-11
4.000000E-02  9.759168E-01  1.764690E-11
4.000000E-02  9.685832E-01  1.756021E-11
4.000000E-02  9.602937E-01  1.746427E-11
4.000000E-02  9.510565E-01  1.735970E-11
4.000000E-02  9.408808E-01  1.724861E-11
4.000000E-02  9.297765E-01  1.714696E-11
4.000000E-02  9.177546E-01  1.702319E-11
4.000000E-02  9.048271E-01  1.689740E-11
4.000000E-02  8.910065E-01  1.675725E-11
4.000000E-02  8.763067E-01  1.660851E-11
4.000000E-02  8.607420E-01  1.645319E-11
4.000000E-02  8.443279E-01  1.629594E-11
4.000000E-02  8.270806E-01  1.612670E-11
4.000000E-02  8.090170E-01  1.595352E-11
4.000000E-02  7.901550E-01  1.577622E-11
4.000000E-02  7.705132E-01  1.558587E-11
4.000000E-02  7.501111E-01  1.538068E-11
4.000000E-02  7.289686E-01  1.520481E-11
4.000000E-02  7.071068E-01  1.500094E-11
4.000000E-02  6.845471E-01  1.479519E-11
4.000000E-02  6.613119E-01  1.458919E-11
4.000000E-02  6.374240E-01  1.437766E-11
4.000000E-02  6.129071E-01  1.416273E-11
4.000000E-02  5.877853E-01  1.394566E-11
4.000000E-02  5.620834E-01  1.373055E-11
4.000000E-02  5.358268E-01  1.351040E-11
4.000000E-02  5.090414E-01  1.327607E-11
4.000000E-02  4.817537E-01  1.305663E-11
4.000000E-02  4.539905E-01  1.283082E-11
4.000000E-02  4.257793E-01  1.260587E-11
4.000000E-02  3.971479E-01  1.237351E-11
4.000000E-02  3.681246E-01  1.215143E-11
4.000000E-02  3.387379E-01  1.192700E-11
4.000000E-02  3.090170E-01  1.170822E-11
4.000000E-02  2.789911E-01  1.149181E-11
4.000000E-02  2.486899E-01  1.126759E-11
4.000000E-02  2.181432E-01  1.104679E-11
4.000000E-02  1.873813E-01  1.082520E-11
4.000000E-02  1.564345E-01  1.061608E-11
4.000000E-02  1.253332E-01  1.040267E-11
4.000000E-02  9.410831E-02  1.019520E-11
4.000000E-02  6.279052E-02  9.988798E-12
4.000000E-02  3.141076E-02  9.783794E-12
4.000000E-02  -1.271035E-15  9.583406E-12
6.000000E-02  1.000000E+00  5.452742E-11
6.000000E-02  9.995066E-01  5.448960E-11
6.000000E-02  9.980267E-01  5.433850E-11
6.000000E-02  9.955620E-01  5.432298E-11
6.000000E-02  9.921147E-01  5.507306E-11
6.000000E-02  9.876883E-01  5.395147E-11
6.000000E-02  9.822873E-01  5.372525E-11
6.000000E-02  9.759168E-01  5.338048E-11
6.000000E-02  9.685832E-01  5.299949E-11
6.000000E-02  9.602937E-01  5.270553E-11
6.000000E-02  9.510565E-01  5.229011E-11
6.000000E-02  9.408808E-01  5.183332E-11
6.000000E-02  9.297765E-01  5.133613E-11
6.000000E-02  9.177546E-01  5.081414E-11
6.000000E-02  9.048271E-01  5.025273E-11
6.000000E-02  8.910065E-01  4.965567E-11
6.000000E-02  8.763067E-01  4.903409E-11
6.000000E-02  8.607420E-01  4.833149E-11
6.000000E-02  8.443279E-01  4.761863E-11
6.000000E-02  8.270806E-01  4.698194E-11
6.000000E-02  8.090170E-01  4.626299E-11
6.000000E-02  7.901550E-01  4.548018E-11
6.000000E-02  7.705132E-01  4.468231E-11
6.000000E-02  7.501111E-01  4.389659E-11
6.000000E-02  7.289686E-01  4.307925E-11
6.000000E-02  7.071068E-01  4.225072E-11
6.000000E-02  6.845471E-01  4.140542E-11
6.000000E-02  6.613119E-01  4.051473E-11
6.000000E-02  6.374240E-01  3.967475E-11
6.000000E-02  6.129071E-01  3.879997E-11
6.000000E-02  5.877853E-01  3.794493E-11
6.000000E-02  5.620834E-01  3.705638E-11
6.000000E-02  5.358268E-01  3.618423E-11
6.000000E-02  5.090414E-01  3.528932E-11
6.000000E-02  4.817537E-01  3.429863E-11
6.000000E-02  4.539905E-01  3.352133E-11
6.000000E-02  4.257793E-01  3.266526E-11
6.000000E-02  3.971479E-01  3.174374E-11
6.000000E-02  3.681246E-01  3.093101E-11
6.000000E-02  3.387379E-01  3.007347E-11
6.000000E-02  3.090170E-01  2.923952E-11
6.000000E-02  2.789911E-01  2.840765E-11
6.000000E-02  2.486899E-01  2.759208E-11
6.000000E-02  2.181432E-01  2.678849E-11
6.000000E-02  1.873813E-01  2.598371E-11
6.000000E-02  1.564345E-01  2.521446E-11
6.000000E-02  1.253332E-01  2.445963E-11
6.000000E-02  9.410831E-02  2.371596E-11
6.000000E-02  6.279052E-02  2.298556E-11
6.000000E-02  3.141076E-02  2.227601E-11
6.000000E-02  -1.271035E-15  2.158276E-11
8.000000E-02  1.000000E+00  1.317422E-10
8.000000E-02  9.995066E-01  1.316868E-10
8.000000E-02  9.980267E-01  1.312822E-10
8.000000E-02  9.955620E-01  1.311101E-10
8.000000E-02  9.921147E-01  1.306117E-10
8.000000E-02  9.876883E-01  1.298574E-10
8.000000E-02  9.822873E-01  1.289199E-10
8.000000E-02  9.759168E-01  1.282987E-10
8.000000E-02  9.685832E-01  1.272366E-10
8.000000E-02  9.602937E-01  1.260672E-10
8.000000E-02  9.510565E-01  1.248481E-10
8.000000E-02  9.408808E-01  1.233486E-10
8.000000E-02  9.297765E-01  1.218429E-10
8.000000E-02  9.177546E-01  1.202280E-10
8.000000E-02  9.048271E-01  1.184864E-10
8.000000E-02  8.910065E-01  1.167096E-10
8.000000E-02  8.763067E-01  1.147590E-10
8.000000E-02  8.607420E-01  1.127122E-10
8.000000E-02  8.443279E-01  1.106144E-10
8.000000E-02  8.270806E-01  1.084467E-10
8.000000E-02  8.090170E-01  1.063484E-10
8.000000E-02  7.901550E-01  1.039106E-10
8.000000E-02  7.705132E-01  1.015304E-10
8.000000E-02  7.501111E-01  9.919349E-11
8.000000E-02  7.289686E-01  9.677606E-11
8.000000E-02  7.071068E-01  9.432194E-11
8.000000E-02  6.845471E-01  9.183158E-11
8.000000E-02  6.613119E-01  8.933873E-11
8.000000E-02  6.374240E-01  8.682463E-11
8.000000E-02  6.129071E-01  8.425801E-11
8.000000E-02  5.877853E-01  8.181195E-11
8.000000E-02  5.620834E-01  7.926962E-11
8.000000E-02  5.358268E-01  7.674079E-11
8.000000E-02  5.090414E-01  7.427511E-11
8.000000E-02  4.817537E-01  7.163188E-11
8.000000E-02  4.539905E-01  6.934950E-11
8.000000E-02  4.257793E-01  6.705898E-11
8.000000E-02  3.971479E-01  6.449619E-11
8.000000E-02  3.681246E-01  6.224970E-11
8.000000E-02  3.387379E-01  6.000082E-11
8.000000E-02  3.090170E-01  5.773372E-11
8.000000E-02  2.789911E-01  5.551792E-11
8.000000E-02  2.486899E-01  5.337458E-11
8.000000E-02  2.181432E-01  5.130074E-11
8.000000E-02  1.873813E-01  4.924091E-11
8.000000E-02  1.564345E-01  4.727817E-11
8.000000E-02  1.253332E-01  4.535545E-11
8.000000E-02  9.410831E-02  4.350259E-11
8.000000E-02  6.279052E-02  4.170417E-11
8.000000E-02  3.141076E-02  3.996139E-11
8.000000E-02  -1.271035E-15  3.828202E-11
1.000000E-01  1.000000E+00  2.811456E-10
1.000000E-01  9.995066E-01  2.809666E-10
1.000000E-01  9.980267E-01  2.804024E-10
1.000000E-01  9.955620E-01  2.793592E-10
1.000000E-01  9.921147E-01  2.780982E-10
1.000000E-01  9.876883E-01  2.756842E-10
1.000000E-01  9.822873E-01  2.732060E-10
1.000000E-01  9.759168E-01  2.720543E-10
1.000000E-01  9.685832E-01  2.692604E-10
1.000000E-01  9.602937E-01  2.661951E-10
1.000000E-01  9.510565E-01  2.628260E-10
1.000000E-01  9.408808E-01  2.588715E-10
1.000000E-01  9.297765E-01  2.553778E-10
1.000000E-01  9.177546E-01  2.510444E-10
1.000000E-01  9.048271E-01  2.465256E-10
1.000000E-01  8.910065E-01  2.421806E-10
1.000000E-01  8.763067E-01  2.374538E-10
1.000000E-01  8.607420E-01  2.317079E-10
1.000000E-01  8.443279E-01  2.262338E-10
1.000000E-01  8.270806E-01  2.209006E-10
1.000000E-01  8.090170E-01  2.152687E-10
1.000000E-01  7.901550E-01  2.095262E-10
1.000000E-01  7.705132E-01  2.036756E-10
1.000000E-01  7.501111E-01  1.976658E-10
1.000000E-01  7.289686E-01  1.916386E-10
1.000000E-01  7.071068E-01  1.855595E-10
1.000000E-01  6.845471E-01  1.795039E-10
1.000000E-01  6.613119E-01  1.734377E-10
1.000000E-01  6.374240E-01  1.673475E-10
1.000000E-01  6.129071E-01  1.612459E-10
1.000000E-01  5.877853E-01  1.552670E-10
1.000000E-01  5.620834E-01  1.493078E-10
1.000000E-01  5.358268E-01  1.433815E-10
1.000000E-01  5.090414E-01  1.375819E-10
1.000000E-01  4.817537E-01  1.318598E-10
1.000000E-01  4.539905E-01  1.263317E-10
1.000000E-01  4.257793E-01  1.206886E-10
1.000000E-01  3.971479E-01  1.152706E-10
1.000000E-01  3.681246E-01  1.101239E-10
1.000000E-01  3.387379E-01  1.050477E-10
1.000000E-01  3.090170E-01  1.002025E-10
1.000000E-01  2.789911E-01  9.528183E-11
1.000000E-01  2.486899E-01  9.063278E-11
1.000000E-01  2.181432E-01  8.613906E-11
1.000000E-01  1.873813E-01  8.177386E-11
1.000000E-01  1.564345E-01  7.765793E-11
1.000000E-01  1.253332E-01  7.365867E-11
1.000000E-01  9.410831E-02  6.991558E-11
1.000000E-01  6.279052E-02  6.612976E-11
1.000000E-01  3.141076E-02  6.261134E-11
1.000000E-01  -1.271035E-15  5.924487E-11
1.200000E-01  1.000000E+00  5.555220E-10
1.200000E-01  9.995066E-01  5.548636E-10
1.200000E-01  9.980267E-01  5.535306E-10
1.200000E-01  9.955620E-01  5.518005E-10
1.200000E-01  9.921147E-01  5.463076E-10
1.200000E-01  9.876883E-01  5.424663E-10
1.200000E-01  9.822873E-01  5.394819E-10
1.200000E-01  9.759168E-01  5.338076E-10
1.200000E-01  9.685832E-01  5.272429E-10
1.200000E-01  9.602937E-01  5.207659E-10
1.200000E-01  9.510565E-01  5.125176E-10
1.200000E-01  9.408808E-01  5.032636E-10
1.200000E-01  9.297765E-01  4.947835E-10
1.200000E-01  9.177546E-01  4.846347E-10
1.200000E-01  9.048271E-01  4.742976E-10
1.200000E-01  8.910065E-01  4.635284E-10
1.200000E-01  8.763067E-01  4.522020E-10
1.200000E-01  8.607420E-01  4.403536E-10
1.200000E-01  8.443279E-01  4.272210E-10
1.200000E-01  8.270806E-01  4.157804E-10
1.200000E-01  8.090170E-01  4.030744E-10
1.200000E-01  7.901550E-01  3.902317E-10
1.200000E-01  7.705132E-01  3.772458E-10
1.200000E-01  7.501111E-01  3.638929E-10
1.200000E-01  7.289686E-01  3.505841E-10
1.200000E-01  7.071068E-01  3.371619E-10
1.200000E-01  6.845471E-01  3.238673E-10
1.200000E-01  6.613119E-01  3.104532E-10
1.200000E-01  6.374240E-01  2.969792E-10
1.200000E-01  6.129071E-01  2.845487E-10
1.200000E-01  5.877853E-01  2.719408E-10
1.200000E-01  5.620834E-01  2.591597E-10
1.200000E-01  5.358268E-01  2.467519E-10
1.200000E-01  5.090414E-01  2.346296E-10
1.200000E-01  4.817537E-01  2.228955E-10
1.200000E-01  4.539905E-01  2.113375E-10
1.200000E-01  4.257793E-01  2.001719E-10
1.200000E-01  3.971479E-01  1.893534E-10
1.200000E-01  3.681246E-01  1.789435E-10
1.200000E-01  3.387379E-01  1.688940E-10
1.200000E-01  3.090170E-01  1.595381E-10
1.200000E-01  2.789911E-01  1.502547E-10
1.200000E-01  2.486899E-01  1.413380E-10
1.200000E-01  2.181432E-01  1.327869E-10
1.200000E-01  1.873813E-01  1.246577E-10
1.200000E-01  1.564345E-01  1.169114E-10
1.200000E-01  1.253332E-01  1.095302E-10
1.200000E-01  9.410831E-02  1.025516E-10
1.200000E-01  6.279052E-02  9.595561E-11
1.200000E-01  3.141076E-02  8.970648E-11
1.200000E-01  -1.271035E-15  8.381706E-11
1.400000E-01  1.000000E+00  1.038087E-09
1.400000E-01  9.995066E-01  1.048441E-09
1.400000E-01  9.980267E-01  1.033825E-09
1.400000E-01  9.955620E-01  1.029006E-09
1.400000E-01  9.921147E-01  1.017245E-09
1.400000E-01  9.876883E-01  1.014025E-09
1.400000E-01  9.822873E-01  1.003541E-09
1.400000E-01  9.759168E-01  9.914332E-10
1.400000E-01  9.685832E-01  9.775982E-10
1.400000E-01  9.602937E-01  9.619325E-10
1.400000E-01  9.510565E-01  9.447889E-10
1.400000E-01  9.408808E-01  9.263542E-10
1.400000E-01  9.297765E-01  9.085733E-10
1.400000E-01  9.177546E-01  8.854996E-10
1.400000E-01  9.048271E-01  8.633602E-10
1.400000E-01  8.910065E-01  8.400840E-10
1.400000E-01  8.763067E-01  8.125516E-10
1.400000E-01  8.607420E-01  7.912208E-10
1.400000E-01  8.443279E-01  7.657335E-10
1.400000E-01  8.270806E-01  7.398017E-10
1.400000E-01  8.090170E-01  7.132858E-10
1.400000E-01  7.901550E-01  6.864914E-10
1.400000E-01  7.705132E-01  6.593892E-10
1.400000E-01  7.501111E-01  6.323012E-10
1.400000E-01  7.289686E-01  6.051810E-10
1.400000E-01  7.071068E-01  5.779621E-10
1.400000E-01  6.845471E-01  5.514105E-10
1.400000E-01  6.613119E-01  5.247021E-10
1.400000E-01  6.374240E-01  4.985602E-10
1.400000E-01  6.129071E-01  4.728231E-10
1.400000E-01  5.877853E-01  4.480702E-10
1.400000E-01  5.620834E-01  4.244685E-10
1.400000E-01  5.358268E-01  3.998314E-10
1.400000E-01  5.090414E-01  3.775916E-10
1.400000E-01  4.817537E-01  3.549333E-10
1.400000E-01  4.539905E-01  3.331764E-10
1.400000E-01  4.257793E-01  3.124936E-10
1.400000E-01  3.971479E-01  2.926394E-10
1.400000E-01  3.681246E-01  2.736931E-10
1.400000E-01  3.387379E-01  2.554992E-10
1.400000E-01  3.090170E-01  2.381877E-10
1.400000E-01  2.789911E-01  2.217839E-10
1.400000E-01  2.486899E-01  2.061751E-10
1.400000E-01  2.181432E-01  1.914087E-10
1.400000E-01  1.873813E-01  1.774628E-10
1.400000E-01  1.564345E-01  1.643778E-10
1.400000E-01  1.253332E-01  1.520993E-10
1.400000E-01  9.410831E-02  1.405381E-10
1.400000E-01  6.279052E-02  1.297784E-10
1.400000E-01  3.141076E-02  1.197216E-10
1.400000E-01  -1.271035E-15  1.104059E-10
1.600000E-01  1.000000E+00  1.856855E-09
1.600000E-01  9.995066E-01  1.851455E-09
1.600000E-01  9.980267E-01  1.849325E-09
1.600000E-01  9.955620E-01  1.838709E-09
1.600000E-01  9.921147E-01  1.812236E-09
1.600000E-01  9.876883E-01  1.804829E-09
1.600000E-01  9.822873E-01  1.785353E-09
1.600000E-01  9.759168E-01  1.760693E-09
1.600000E-01  9.685832E-01  1.732349E-09
1.600000E-01  9.602937E-01  1.702156E-09
1.600000E-01  9.510565E-01  1.666790E-09
1.600000E-01  9.408808E-01  1.629153E-09
1.600000E-01  9.297765E-01  1.588787E-09
1.600000E-01  9.177546E-01  1.547128E-09
1.600000E-01  9.048271E-01  1.502610E-09
1.600000E-01  8.910065E-01  1.455565E-09
1.600000E-01  8.763067E-01  1.408802E-09
1.600000E-01  8.607420E-01  1.359114E-09
1.600000E-01  8.443279E-01  1.308873E-09
1.600000E-01  8.270806E-01  1.257817E-09
1.600000E-01  8.090170E-01  1.205546E-09
1.600000E-01  7.901550E-01  1.153833E-09
1.600000E-01  7.705132E-01  1.101127E-09
1.600000E-01  7.501111E-01  1.049859E-09
1.600000E-01  7.289686E-01  9.911889E-10
1.600000E-01  7.071068E-01  9.462859E-10
1.600000E-01  6.845471E-01  8.949421E-10
1.600000E-01  6.613119E-01  8.459877E-10
1.600000E-01  6.374240E-01  7.988262E-10
1.600000E-01  6.129071E-01  7.516988E-10
1.600000E-01  5.877853E-01  7.059618E-10
1.600000E-01  5.620834E-01  6.610527E-10
1.600000E-01  5.358268E-01  6.187284E-10
1.600000E-01  5.090414E-01  5.774072E-10
1.600000E-01  4.817537E-01  5.380712E-10
1.600000E-01  4.539905E-01  4.999927E-10
1.600000E-01  4.257793E-01  4.640087E-10
1.600000E-01  3.971479E-01  4.298215E-10
1.600000E-01  3.681246E-01  3.972489E-10
1.600000E-01  3.387379E-01  3.666924E-10
1.600000E-01  3.090170E-01  3.378690E-10
1.600000E-01  2.789911E-01  3.108770E-10
1.600000E-01  2.486899E-01  2.854777E-10
1.600000E-01  2.181432E-01  2.611701E-10
1.600000E-01  1.873813E-01  2.391177E-10
1.600000E-01  1.564345E-01  2.185703E-10
1.600000E-01  1.253332E-01  1.995488E-10
1.600000E-01  9.410831E-02  1.819542E-10
1.600000E-01  6.279052E-02  1.656979E-10
1.600000E-01  3.141076E-02  1.507476E-10
1.600000E-01  -1.271035E-15  1.370008E-10
1.800000E-01  1.000000E+00  3.187987E-09
1.800000E-01  9.995066E-01  3.185237E-09
1.800000E-01  9.980267E-01  3.175980E-09
1.800000E-01  9.955620E-01  3.156206E-09
1.800000E-01  9.921147E-01  3.102101E-09
1.800000E-01  9.876883E-01  3.095927E-09
1.800000E-01  9.822873E-01  3.054607E-09
1.800000E-01  9.759168E-01  3.006148E-09
1.800000E-01  9.685832E-01  2.952318E-09
1.800000E-01  9.602937E-01  2.891718E-09
1.800000E-01  9.510565E-01  2.825789E-09
1.800000E-01  9.408808E-01  2.760554E-09
1.800000E-01  9.297765E-01  2.677168E-09
1.800000E-01  9.177546E-01  2.598163E-09
1.800000E-01  9.048271E-01  2.509380E-09
1.800000E-01  8.910065E-01  2.426585E-09
1.800000E-01  8.763067E-01  2.336219E-09
1.800000E-01  8.607420E-01  2.244358E-09
1.800000E-01  8.443279E-01  2.149856E-09
1.800000E-01  8.270806E-01  2.055482E-09
1.800000E-01  8.090170E-01  1.958865E-09
1.800000E-01  7.901550E-01  1.863326E-09
1.800000E-01  7.705132E-01  1.764223E-09
1.800000E-01  7.501111E-01  1.672275E-09
1.800000E-01  7.289686E-01  1.583631E-09
1.800000E-01  7.071068E-01  1.491312E-09
1.800000E-01  6.845471E-01  1.399987E-09
1.800000E-01  6.613119E-01  1.310672E-09
1.800000E-01  6.374240E-01  1.226432E-09
1.800000E-01  6.129071E-01  1.144711E-09
1.800000E-01  5.877853E-01  1.066647E-09
1.800000E-01  5.620834E-01  9.890836E-10
1.800000E-01  5.358268E-01  9.170734E-10
1.800000E-01  5.090414E-01  8.474999E-10
1.800000E-01  4.817537E-01  7.797444E-10
1.800000E-01  4.539905E-01  7.174223E-10
1.800000E-01  4.257793E-01  6.585447E-10
1.800000E-01  3.971479E-01  6.028749E-10
1.800000E-01  3.681246E-01  5.511678E-10
1.800000E-01  3.387379E-01  5.028159E-10
1.800000E-01  3.090170E-01  4.576882E-10
1.800000E-01  2.789911E-01  4.157302E-10
1.800000E-01  2.486899E-01  3.769344E-10
1.800000E-01  2.181432E-01  3.411306E-10
1.800000E-01  1.873813E-01  3.081557E-10
1.800000E-01  1.564345E-01  2.779095E-10
1.800000E-01  1.253332E-01  2.503956E-10
1.800000E-01  9.410831E-02  2.250170E-10
1.800000E-01  6.279052E-02  2.018811E-10
1.800000E-01  3.141076E-02  1.808545E-10
1.800000E-01  -1.271035E-15  1.620208E-10
2.000000E-01  1.000000E+00  5.281426E-09
2.000000E-01  9.995066E-01  5.273970E-09
2.000000E-01  9.980267E-01  5.251515E-09
2.000000E-01  9.955620E-01  5.217330E-09
2.000000E-01  9.921147E-01  5.109456E-09
2.000000E-01  9.876883E-01  5.105733E-09
2.000000E-01  9.822873E-01  5.030277E-09
2.000000E-01  9.759168E-01  4.944722E-09
2.000000E-01  9.685832E-01  4.844799E-09
2.000000E-01  9.602937E-01  4.735142E-09
2.000000E-01  9.510565E-01  4.616554E-09
2.000000E-01  9.408808E-01  4.482594E-09
2.000000E-01  9.297765E-01  4.347972E-09
2.000000E-01  9.177546E-01  4.202719E-09
2.000000E-01  9.048271E-01  4.052149E-09
2.000000E-01  8.910065E-01  3.896842E-09
2.000000E-01  8.763067E-01  3.736752E-09
2.000000E-01  8.607420E-01  3.571191E-09
2.000000E-01  8.443279E-01  3.400296E-09
2.000000E-01  8.270806E-01  3.235535E-09
2.000000E-01  8.090170E-01  3.065853E-09
2.000000E-01  7.901550E-01  2.905306E-09
2.000000E-01  7.705132E-01  2.739211E-09
2.000000E-01  7.501111E-01  2.576319E-09
2.000000E-01  7.289686E-01  2.415402E-09
2.000000E-01  7.071068E-01  2.254585E-09
2.000000E-01  6.845471E-01  2.106843E-09
2.000000E-01  6.613119E-01  1.959507E-09
2.000000E-01  6.374240E-01  1.815271E-09
2.000000E-01  6.129071E-01  1.675996E-09
2.000000E-01  5.877853E-01  1.547092E-09
2.000000E-01  5.620834E-01  1.423215E-09
2.000000E-01  5.358268E-01  1.305761E-09
2.000000E-01  5.090414E-01  1.194965E-09
2.000000E-01  4.817537E-01  1.090431E-09
2.000000E-01  4.539905E-01  9.924465E-10
2.000000E-01  4.257793E-01  9.008996E-10
2.000000E-01  3.971479E-01  8.158950E-10
2.000000E-01  3.681246E-01  7.368197E-10
2.000000E-01  3.387379E-01  6.637669E-10
2.000000E-01  3.090170E-01  5.968125E-10
2.000000E-01  2.789911E-01  5.352025E-10
2.000000E-01  2.486899E-01  4.788939E-10
2.000000E-01  2.181432E-01  4.275547E-10
2.000000E-01  1.873813E-01  3.808115E-10
2.000000E-01  1.564345E-01  3.390128E-10
2.000000E-01  1.253332E-01  3.004677E-10
2.000000E-01  9.410831E-02  2.661524E-10
2.000000E-01  6.279052E-02  2.354458E-10
2.000000E-01  3.141076E-02  2.076812E-10
2.000000E-01  -1.271035E-15  1.830222E-10
2.200000E-01  1.000000E+00  8.422004E-09
2.200000E-01  9.995066E-01  8.379844E-09
2.200000E-01  9.980267E-01  8.370920E-09
2.200000E-01  9.955620E-01  8.310509E-09
2.200000E-01  9.921147E-01  8.225243E-09
2.200000E-01  9.876883E-01  8.120618E-09
2.200000E-01  9.822873E-01  7.984616E-09
2.200000E-01  9.759168E-01  7.835734E-09
2.200000E-01  9.685832E-01  7.662897E-09
2.200000E-01  9.602937E-01  7.471510E-09
2.200000E-01  9.510565E-01  7.265025E-09
2.200000E-01  9.408808E-01  7.043192E-09
2.200000E-01  9.297765E-01  6.804130E-09
2.200000E-01  9.177546E-01  6.558077E-09
2.200000E-01  9.048271E-01  6.291666E-09
2.200000E-01  8.910065E-01  6.027414E-09
2.200000E-01  8.763067E-01  5.755482E-09
2.200000E-01  8.607420E-01  5.479246E-09
2.200000E-01  8.443279E-01  5.197327E-09
2.200000E-01  8.270806E-01  4.926037E-09
2.200000E-01  8.090170E-01  4.646102E-09
2.200000E-01  7.901550E-01  4.366845E-09
2.200000E-01  7.705132E-01  4.094520E-09
2.200000E-01  7.501111E-01  3.826014E-09
2.200000E-01  7.289686E-01  3.562517E-09
2.200000E-01  7.071068E-01  3.298108E-09
2.200000E-01  6.845471E-01  3.055507E-09
2.200000E-01  6.613119E-01  2.819336E-09
2.200000E-01  6.374240E-01  2.593274E-09
2.200000E-01  6.129071E-01  2.377969E-09
2.200000E-01  5.877853E-01  2.172850E-09
2.200000E-01  5.620834E-01  1.981741E-09
2.200000E-01  5.358268E-01  1.799273E-09
2.200000E-01  5.090414E-01  1.629712E-09
2.200000E-01  4.817537E-01  1.472011E-09
2.200000E-01  4.539905E-01  1.324903E-09
2.200000E-01  4.257793E-01  1.189194E-09
2.200000E-01  3.971479E-01  1.063992E-09
2.200000E-01  3.681246E-01  9.496275E-10
2.200000E-01  3.387379E-01  8.449948E-10
2.200000E-01  3.090170E-01  7.497257E-10
2.200000E-01  2.789911E-01  6.635011E-10
2.200000E-01  2.486899E-01  5.856171E-10
2.200000E-01  2.181432E-01  5.153178E-10
2.200000E-01  1.873813E-01  4.525992E-10
2.200000E-01  1.564345E-01  3.970509E-10
2.200000E-01  1.253332E-01  3.466272E-10
2.200000E-01  9.410831E-02  3.024019E-10
2.200000E-01  6.279052E-02  2.631720E-10
2.200000E-01  3.141076E-02  2.285466E-10
2.200000E-01  -1.271035E-15  1.981814E-10
2.400000E-01  1.000000E+00  1.294771E-08
2.400000E-01  9.995066E-01  1.292262E-08
2.400000E-01  9.980267E-01  1.286451E-08
2.400000E-01  9.955620E-01  1.276324E-08
2.400000E-01  9.921147E-01  1.262304E-08
2.400000E-01  9.876883E-01  1.244285E-08
2.400000E-01  9.822873E-01  1.222591E-08
2.400000E-01  9.759168E-01  1.197591E-08
2.400000E-01  9.685832E-01  1.168716E-08
2.400000E-01  9.602937E-01  1.137773E-08
2.400000E-01  9.510565E-01  1.103720E-08
2.400000E-01  9.408808E-01  1.067218E-08
2.400000E-01  9.297765E-01  1.028855E-08
2.400000E-01  9.177546E-01  9.880023E-09
2.400000E-01  9.048271E-01  9.445189E-09
2.400000E-01  8.910065E-01  9.016370E-09
2.400000E-01  8.763067E-01  8.569076E-09
2.400000E-01  8.607420E-01  8.136710E-09
2.400000E-01  8.443279E-01  7.684700E-09
2.400000E-01  8.270806E-01  7.231677E-09
2.400000E-01  8.090170E-01  6.787036E-09
2.400000E-01  7.901550E-01  6.348392E-09
2.400000E-01  7.705132E-01  5.905978E-09
2.400000E-01  7.501111E-01  5.479984E-09
2.400000E-01  7.289686E-01  5.071307E-09
2.400000E-01  7.071068E-01  4.672710E-09
2.400000E-01  6.845471E-01  4.297860E-09
2.400000E-01  6.613119E-01  3.933992E-09
2.400000E-01  6.374240E-01  3.587887E-09
2.400000E-01  6.129071E-01  3.262160E-09
2.400000E-01  5.877853E-01  2.951003E-09
2.400000E-01  5.620834E-01  2.664908E-09
2.400000E-01  5.358268E-01  2.398000E-09
2.400000E-01  5.090414E-01  2.149379E-09
2.400000E-01  4.817537E-01  1.919868E-09
2.400000E-01  4.539905E-01  1.709324E-09
2.400000E-01  4.257793E-01  1.515708E-09
2.400000E-01  3.971479E-01  1.340235E-09
2.400000E-01  3.681246E-01  1.180989E-09
2.400000E-01  3.387379E-01  1.037619E-09
2.400000E-01  3.090170E-01  9.085738E-10
2.400000E-01  2.789911E-01  7.927753E-10
2.400000E-01  2.486899E-01  6.898347E-10
2.400000E-01  2.181432E-01  5.984596E-10
2.400000E-01  1.873813E-01  5.178996E-10
2.400000E-01  1.564345E-01  4.468776E-10
2.400000E-01  1.253332E-01  3.849376E-10
2.400000E-01  9.410831E-02  3.300364E-10
2.400000E-01  6.279052E-02  2.826915E-10
2.400000E-01  3.141076E-02  2.414291E-10
2.400000E-01  -1.271035E-15  2.058871E-10
2.600000E-01  1.000000E+00  1.920754E-08
2.600000E-01  9.995066E-01  1.918046E-08
2.600000E-01  9.980267E-01  1.894537E-08
2.600000E-01  9.955620E-01  1.891694E-08
2.600000E-01  9.921147E-01  1.869279E-08
2.600000E-01  9.876883E-01  1.841168E-08
2.600000E-01  9.822873E-01  1.807009E-08
2.600000E-01  9.759168E-01  1.767847E-08
2.600000E-01  9.685832E-01  1.723543E-08
2.600000E-01  9.602937E-01  1.674455E-08
2.600000E-01  9.510565E-01  1.620966E-08
2.600000E-01  9.408808E-01  1.563656E-08
2.600000E-01  9.297765E-01  1.503016E-08
2.600000E-01  9.177546E-01  1.437494E-08
2.600000E-01  9.048271E-01  1.372420E-08
2.600000E-01  8.910065E-01  1.300876E-08
2.600000E-01  8.763067E-01  1.238705E-08
2.600000E-01  8.607420E-01  1.168791E-08
2.600000E-01  8.443279E-01  1.099377E-08
2.600000E-01  8.270806E-01  1.029856E-08
2.600000E-01  8.090170E-01  9.581882E-09
2.600000E-01  7.901550E-01  8.919744E-09
2.600000E-01  7.705132E-01  8.254153E-09
2.600000E-01  7.501111E-01  7.624678E-09
2.600000E-01  7.289686E-01  7.005022E-09
2.600000E-01  7.071068E-01  6.411759E-09
2.600000E-01  6.845471E-01  5.852246E-09
2.600000E-01  6.613119E-01  5.314979E-09
2.600000E-01  6.374240E-01  4.809560E-09
2.600000E-01  6.129071E-01  4.333749E-09
2.600000E-01  5.877853E-01  3.889810E-09
2.600000E-01  5.620834E-01  3.474238E-09
2.600000E-01  5.358268E-01  3.094923E-09
2.600000E-01  5.090414E-01  2.746678E-09
2.600000E-01  4.817537E-01  2.426828E-09
2.600000E-01  4.539905E-01  2.136061E-09
2.600000E-01  4.257793E-01  1.872101E-09
2.600000E-01  3.971479E-01  1.634668E-09
2.600000E-01  3.681246E-01  1.422194E-09
2.600000E-01  3.387379E-01  1.233198E-09
2.600000E-01  3.090170E-01  1.064957E-09
2.600000E-01  2.789911E-01  9.164223E-10
2.600000E-01  2.486899E-01  7.859931E-10
2.600000E-01  2.181432E-01  6.717632E-10
2.600000E-01  1.873813E-01  5.724897E-10
2.600000E-01  1.564345E-01  4.867844E-10
2.600000E-01  1.253332E-01  4.118584E-10
2.600000E-01  9.410831E-02  3.475627E-10
2.600000E-01  6.279052E-02  2.926643E-10
2.600000E-01  3.141076E-02  2.460680E-10
2.600000E-01  -1.271035E-15  2.059734E-10
2.800000E-01  1.000000E+00  2.753943E-08
2.800000E-01  9.995066E-01  2.749208E-08
2.800000E-01  9.980267E-01  2.734246E-08
2.800000E-01  9.955620E-01  2.710142E-08
2.800000E-01  9.921147E-01  2.676954E-08
2.800000E-01  9.876883E-01  2.634575E-08
2.800000E-01  9.822873E-01  2.583341E-08
2.800000E-01  9.759168E-01  2.524109E-08
2.800000E-01  9.685832E-01  2.457345E-08
2.800000E-01  9.602937E-01  2.383369E-08
2.800000E-01  9.510565E-01  2.302970E-08
2.800000E-01  9.408808E-01  2.216484E-08
2.800000E-01  9.297765E-01  2.122090E-08
2.800000E-01  9.177546E-01  2.026436E-08
2.800000E-01  9.048271E-01  1.924251E-08
2.800000E-01  8.910065E-01  1.832834E-08
2.800000E-01  8.763067E-01  1.730245E-08
2.800000E-01  8.607420E-01  1.627489E-08
2.800000E-01  8.443279E-01  1.520480E-08
2.800000E-01  8.270806E-01  1.417379E-08
2.800000E-01  8.090170E-01  1.316965E-08
2.800000E-01  7.901550E-01  1.218554E-08
2.800000E-01  7.705132E-01  1.122062E-08
2.800000E-01  7.501111E-01  1.028758E-08
2.800000E-01  7.289686E-01  9.393601E-09
2.800000E-01  7.071068E-01  8.542086E-09
2.800000E-01  6.845471E-01  7.734024E-09
2.800000E-01  6.613119E-01  6.970798E-09
2.800000E-01  6.374240E-01  6.255748E-09
2.800000E-01  6.129071E-01  5.581072E-09
2.800000E-01  5.877853E-01  4.974447E-09
2.800000E-01  5.620834E-01  4.401043E-09
2.800000E-01  5.358268E-01  3.879755E-09
2.800000E-01  5.090414E-01  3.404268E-09
2.800000E-01  4.817537E-01  2.977166E-09
2.800000E-01  4.539905E-01  2.590294E-09
2.800000E-01  4.257793E-01  2.241714E-09
2.800000E-01  3.971479E-01  1.932849E-09
2.800000E-01  3.681246E-01  1.659971E-09
2.800000E-01  3.387379E-01  1.419519E-09
2.800000E-01  3.090170E-01  1.209055E-09
2.800000E-01  2.789911E-01  1.025178E-09
2.800000E-01  2.486899E-01  8.668427E-10
2.800000E-01  2.181432E-01  7.294338E-10
2.800000E-01  1.873813E-01  6.117053E-10
2.800000E-01  1.564345E-01  5.109535E-10
2.800000E-01  1.253332E-01  4.258549E-10
2.800000E-01  9.410831E-02  3.537501E-10
2.800000E-01  6.279052E-02  2.926978E-10
2.800000E-01  3.141076E-02  2.412180E-10
2.800000E-01  -1.271035E-15  1.985312E-10
3.000000E-01  1.000000E+00  3.821361E-08
3.000000E-01  9.995066E-01  3.815659E-08
3.000000E-01  9.980267E-01  3.792934E-08
3.000000E-01  9.955620E-01  3.758380E-08
3.000000E-01  9.921147E-01  3.618936E-08
3.000000E-01  9.876883E-01  3.649930E-08
3.000000E-01  9.822873E-01  3.576896E-08
3.000000E-01  9.759168E-01  3.490283E-08
3.000000E-01  9.685832E-01  3.393494E-08
3.000000E-01  9.602937E-01  3.286618E-08
3.000000E-01  9.510565E-01  3.170222E-08
3.000000E-01  9.408808E-01  3.044627E-08
3.000000E-01  9.297765E-01  2.909764E-08
3.000000E-01  9.177546E-01  2.682363E-08
3.000000E-01  9.048271E-01  2.635227E-08
3.000000E-01  8.910065E-01  2.492207E-08
3.000000E-01  8.763067E-01  2.346268E-08
3.000000E-01  8.607420E-01  2.193065E-08
3.000000E-01  8.443279E-01  2.044961E-08
3.000000E-01  8.270806E-01  1.898233E-08
3.000000E-01  8.090170E-01  1.755478E-08
3.000000E-01  7.901550E-01  1.615086E-08
3.000000E-01  7.705132E-01  1.479606E-08
3.000000E-01  7.501111E-01  1.348940E-08
3.000000E-01  7.289686E-01  1.224039E-08
3.000000E-01  7.071068E-01  1.105201E-08
3.000000E-01  6.845471E-01  9.932153E-09
3.000000E-01  6.613119E-01  8.884864E-09
3.000000E-01  6.374240E-01  7.909348E-09
3.000000E-01  6.129071E-01  7.004810E-09
3.000000E-01  5.877853E-01  6.177533E-09
3.000000E-01  5.620834E-01  5.412570E-09
3.000000E-01  5.358268E-01  4.722816E-09
3.000000E-01  5.090414E-01  4.100865E-09
3.000000E-01  4.817537E-01  3.542577E-09
3.000000E-01  4.539905E-01  3.046778E-09
3.000000E-01  4.257793E-01  2.607040E-09
3.000000E-01  3.971479E-01  2.218901E-09
3.000000E-01  3.681246E-01  1.879972E-09
3.000000E-01  3.387379E-01  1.585715E-09
3.000000E-01  3.090170E-01  1.331446E-09
3.000000E-01  2.789911E-01  1.112662E-09
3.000000E-01  2.486899E-01  9.256550E-10
3.000000E-01  2.181432E-01  7.670609E-10
3.000000E-01  1.873813E-01  6.329147E-10
3.000000E-01  1.564345E-01  5.199842E-10
3.000000E-01  1.253332E-01  4.256878E-10
3.000000E-01  9.410831E-02  3.471071E-10
3.000000E-01  6.279052E-02  2.820512E-10
3.000000E-01  3.141076E-02  2.285264E-10
3.000000E-01  -1.271035E-15  1.845245E-10
3.200000E-01  1.000000E+00  5.148148E-08
3.200000E-01  9.995066E-01  5.136792E-08
3.200000E-01  9.980267E-01  5.108108E-08
3.200000E-01  9.955620E-01  5.059614E-08
3.200000E-01  9.921147E-01  4.856952E-08
3.200000E-01  9.876883E-01  4.906645E-08
3.200000E-01  9.822873E-01  4.803979E-08
3.200000E-01  9.759168E-01  4.687338E-08
3.200000E-01  9.685832E-01  4.549217E-08
3.200000E-01  9.602937E-01  4.399378E-08
3.200000E-01  9.510565E-01  4.238051E-08
3.200000E-01  9.408808E-01  4.060374E-08
3.200000E-01  9.297765E-01  3.868351E-08
3.200000E-01  9.177546E-01  3.688954E-08
3.200000E-01  9.048271E-01  3.493177E-08
3.200000E-01  8.910065E-01  3.285809E-08
3.200000E-01  8.763067E-01  3.057018E-08
3.200000E-01  8.607420E-01  2.872301E-08
3.200000E-01  8.443279E-01  2.675151E-08
3.200000E-01  8.270806E-01  2.473322E-08
3.200000E-01  8.090170E-01  2.270817E-08
3.200000E-01  7.901550E-01  2.084506E-08
3.200000E-01  7.705132E-01  1.899342E-08
3.200000E-01  7.501111E-01  1.721142E-08
3.200000E-01  7.289686E-01  1.552073E-08
3.200000E-01  7.071068E-01  1.392883E-08
3.200000E-01  6.845471E-01  1.242990E-08
3.200000E-01  6.613119E-01  1.102329E-08
3.200000E-01  6.374240E-01  9.732520E-09
3.200000E-01  6.129071E-01  8.547592E-09
3.200000E-01  5.877853E-01  7.469253E-09
3.200000E-01  5.620834E-01  6.476592E-09
3.200000E-01  5.358268E-01  5.591837E-09
3.200000E-01  5.090414E-01  4.806045E-09
3.200000E-01  4.817537E-01  4.105855E-09
3.200000E-01  4.539905E-01  3.488304E-09
3.200000E-01  4.257793E-01  2.947509E-09
3.200000E-01  3.971479E-01  2.476512E-09
3.200000E-01  3.681246E-01  2.069285E-09
3.200000E-01  3.387379E-01  1.720802E-09
3.200000E-01  3.090170E-01  1.423474E-09
3.200000E-01  2.789911E-01  1.171687E-09
3.200000E-01  2.486899E-01  9.591072E-10
3.200000E-01  2.181432E-01  7.821839E-10
3.200000E-01  1.873813E-01  6.350907E-10
3.200000E-01  1.564345E-01  5.123460E-10
3.200000E-01  1.253332E-01  4.121683E-10
3.200000E-01  9.410831E-02  3.300380E-10
3.200000E-01  6.279052E-02  2.632573E-10
3.200000E-01  3.141076E-02  2.092511E-10
3.200000E-01  -1.271035E-15  1.657535E-10
3.400000E-01  1.000000E+00  6.741524E-08
3.400000E-01  9.995066E-01  6.721882E-08
3.400000E-01  9.980267E-01  6.687409E-08
3.400000E-01  9.955620E-01  6.619381E-08
3.400000E-01  9.921147E-01  6.336510E-08
3.400000E-01  9.876883E-01  6.416925E-08
3.400000E-01  9.822873E-01  6.278034E-08
3.400000E-01  9.759168E-01  6.117361E-08
3.400000E-01  9.685832E-01  5.934617E-08
3.400000E-01  9.602937E-01  5.732927E-08
3.400000E-01  9.510565E-01  5.505546E-08
3.400000E-01  9.408808E-01  5.271175E-08
3.400000E-01  9.297765E-01  5.022525E-08
3.400000E-01  9.177546E-01  4.775049E-08
3.400000E-01  9.048271E-01  4.487240E-08
3.400000E-01  8.910065E-01  4.214007E-08
3.400000E-01  8.763067E-01  3.950461E-08
3.400000E-01  8.607420E-01  3.677791E-08
3.400000E-01  8.443279E-01  3.404676E-08
3.400000E-01  8.270806E-01  3.139840E-08
3.400000E-01  8.090170E-01  2.876449E-08
3.400000E-01  7.901550E-01  2.621862E-08
3.400000E-01  7.705132E-01  2.376665E-08
3.400000E-01  7.501111E-01  2.142540E-08
3.400000E-01  7.289686E-01  1.919085E-08
3.400000E-01  7.071068E-01  1.710119E-08
3.400000E-01  6.845471E-01  1.515190E-08
3.400000E-01  6.613119E-01  1.334803E-08
3.400000E-01  6.374240E-01  1.168176E-08
3.400000E-01  6.129071E-01  1.015686E-08
3.400000E-01  5.877853E-01  8.795669E-09
3.400000E-01  5.620834E-01  7.560504E-09
3.400000E-01  5.358268E-01  6.460054E-09
3.400000E-01  5.090414E-01  5.488786E-09
3.400000E-01  4.817537E-01  4.634035E-09
3.400000E-01  4.539905E-01  3.889394E-09
3.400000E-01  4.257793E-01  3.244494E-09
3.400000E-01  3.971479E-01  2.689841E-09
3.400000E-01  3.681246E-01  2.216377E-09
3.400000E-01  3.387379E-01  1.816123E-09
3.400000E-01  3.090170E-01  1.480224E-09
3.400000E-01  2.789911E-01  1.198118E-09
3.400000E-01  2.486899E-01  9.659075E-10
3.400000E-01  2.181432E-01  7.743180E-10
3.400000E-01  1.873813E-01  6.174411E-10
3.400000E-01  1.564345E-01  4.898624E-10
3.400000E-01  1.253332E-01  3.867575E-10
3.400000E-01  9.410831E-02  3.039153E-10
3.400000E-01  6.279052E-02  2.378546E-10
3.400000E-01  3.141076E-02  1.852340E-10
3.400000E-01  -1.271035E-15  1.439074E-10
3.600000E-01  1.000000E+00  8.609099E-08
3.600000E-01  9.995066E-01  8.591403E-08
3.600000E-01  9.980267E-01  8.536816E-08
3.600000E-01  9.955620E-01  8.452384E-08
3.600000E-01  9.921147E-01  8.064458E-08
3.600000E-01  9.876883E-01  8.183128E-08
3.600000E-01  9.822873E-01  8.001777E-08
3.600000E-01  9.759168E-01  7.789722E-08
3.600000E-01  9.685832E-01  7.550987E-08
3.600000E-01  9.602937E-01  7.285811E-08
3.600000E-01  9.510565E-01  6.985607E-08
3.600000E-01  9.408808E-01  6.679830E-08
3.600000E-01  9.297765E-01  6.369088E-08
3.600000E-01  9.177546E-01  6.015510E-08
3.600000E-01  9.048271E-01  5.783089E-08
3.600000E-01  8.910065E-01  5.296495E-08
3.600000E-01  8.763067E-01  4.945913E-08
3.600000E-01  8.607420E-01  4.590548E-08
3.600000E-01  8.443279E-01  4.237112E-08
3.600000E-01  8.270806E-01  3.891547E-08
3.600000E-01  8.090170E-01  3.550184E-08
3.600000E-01  7.901550E-01  3.221022E-08
3.600000E-01  7.705132E-01  2.904622E-08
3.600000E-01  7.501111E-01  2.602743E-08
3.600000E-01  7.289686E-01  2.318444E-08
3.600000E-01  7.071068E-01  2.052170E-08
3.600000E-01  6.845471E-01  1.805011E-08
3.600000E-01  6.613119E-01  1.612205E-08
3.600000E-01  6.374240E-01  1.371249E-08
3.600000E-01  6.129071E-01  1.181916E-08
3.600000E-01  5.877853E-01  1.012760E-08
3.600000E-01  5.620834E-01  8.617838E-09
3.600000E-01  5.358268E-01  7.289726E-09
3.600000E-01  5.090414E-01  6.105798E-09
3.600000E-01  4.817537E-01  5.105050E-09
3.600000E-01  4.539905E-01  4.230416E-09
3.600000E-01  4.257793E-01  3.483406E-09
3.600000E-01  3.971479E-01  2.855438E-09
3.600000E-01  3.681246E-01  2.313570E-09
3.600000E-01  3.387379E-01  1.866833E-09
3.600000E-01  3.090170E-01  1.497609E-09
3.600000E-01  2.789911E-01  1.193961E-09
3.600000E-01  2.486899E-01  9.461319E-10
3.600000E-01  2.181432E-01  7.451797E-10
3.600000E-01  1.873813E-01  5.836089E-10
3.600000E-01  1.564345E-01  4.545204E-10
3.600000E-01  1.253332E-01  3.520315E-10
3.600000E-01  9.410831E-02  2.713210E-10
3.600000E-01  6.279052E-02  2.081899E-10
3.600000E-01  3.141076E-02  1.588640E-10
3.600000E-01  -1.271035E-15  1.208668E-10
3.800000E-01  1.000000E+00  1.074968E-07
3.800000E-01  9.995066E-01  1.072444E-07
3.800000E-01  9.980267E-01  1.065767E-07
3.800000E-01  9.955620E-01  1.054944E-07
3.800000E-01  9.921147E-01  1.003899E-07
3.800000E-01  9.876883E-01  1.020681E-07
3.800000E-01  9.822873E-01  9.975128E-08
3.800000E-01  9.759168E-01  9.705107E-08
3.800000E-01  9.685832E-01  9.399186E-08
3.800000E-01  9.602937E-01  9.059284E-08
3.800000E-01  9.510565E-01  8.677861E-08
3.800000E-01  9.408808E-01  8.283913E-08
3.800000E-01  9.297765E-01  7.884893E-08
3.800000E-01  9.177546E-01  7.436132E-08
3.800000E-01  9.048271E-01  6.990353E-08
3.800000E-01  8.910065E-01  6.528621E-08
3.800000E-01  8.763067E-01  6.063599E-08
3.800000E-01  8.607420E-01  5.596620E-08
3.800000E-01  8.443279E-01  5.149229E-08
3.800000E-01  8.270806E-01  4.714396E-08
3.800000E-01  8.090170E-01  4.288331E-08
3.800000E-01  7.901550E-01  3.872218E-08
3.800000E-01  7.705132E-01  3.474161E-08
3.800000E-01  7.501111E-01  3.097714E-08
3.800000E-01  7.289686E-01  2.741917E-08
3.800000E-01  7.071068E-01  2.412359E-08
3.800000E-01  6.845471E-01  2.105679E-08
3.800000E-01  6.613119E-01  1.826237E-08
3.800000E-01  6.374240E-01  1.572601E-08
3.800000E-01  6.129071E-01  1.344092E-08
3.800000E-01  5.877853E-01  1.142012E-08
3.800000E-01  5.620834E-01  9.607500E-09
3.800000E-01  5.358268E-01  8.035288E-09
3.800000E-01  5.090414E-01  6.670881E-09
3.800000E-01  4.817537E-01  5.497406E-09
3.800000E-01  4.539905E-01  4.492113E-09
3.800000E-01  4.257793E-01  3.654378E-09
3.800000E-01  3.971479E-01  2.944200E-09
3.800000E-01  3.681246E-01  2.355355E-09
3.800000E-01  3.387379E-01  1.869861E-09
3.800000E-01  3.090170E-01  1.476306E-09
3.800000E-01  2.789911E-01  1.157575E-09
3.800000E-01  2.486899E-01  9.014558E-10
3.800000E-01  2.181432E-01  6.973858E-10
3.800000E-01  1.873813E-01  5.361960E-10
3.800000E-01  1.564345E-01  4.096599E-10
3.800000E-01  1.253332E-01  3.113319E-10
3.800000E-01  9.410831E-02  2.350080E-10
3.800000E-01  6.279052E-02  1.766248E-10
3.800000E-01  3.141076E-02  1.321164E-10
3.800000E-01  -1.271035E-15  9.831570E-11
4.000000E-01  1.000000E+00  1.316996E-07
4.000000E-01  9.995066E-01  1.314326E-07
4.000000E-01  9.980267E-01  1.306194E-07
4.000000E-01  9.955620E-01  1.292990E-07
4.000000E-01  9.921147E-01  1.273804E-07
4.000000E-01  9.876883E-01  1.249573E-07
4.000000E-01  9.822873E-01  1.220590E-07
4.000000E-01  9.759168E-01  1.186857E-07
4.000000E-01  9.685832E-01  1.148649E-07
4.000000E-01  9.602937E-01  1.106044E-07
4.000000E-01  9.510565E-01  1.057954E-07
4.000000E-01  9.408808E-01  1.008598E-07
4.000000E-01  9.297765E-01  9.566842E-08
4.000000E-01  9.177546E-01  9.025562E-08
4.000000E-01  9.048271E-01  8.470557E-08
4.000000E-01  8.910065E-01  7.883318E-08
4.000000E-01  8.763067E-01  7.324070E-08
4.000000E-01  8.607420E-01  6.753448E-08
4.000000E-01  8.443279E-01  6.179882E-08
4.000000E-01  8.270806E-01  5.623419E-08
4.000000E-01  8.090170E-01  5.088414E-08
4.000000E-01  7.901550E-01  4.574260E-08
4.000000E-01  7.705132E-01  4.089819E-08
4.000000E-01  7.501111E-01  3.619421E-08
4.000000E-01  7.289686E-01  3.185062E-08
4.000000E-01  7.071068E-01  2.782128E-08
4.000000E-01  6.845471E-01  2.412921E-08
4.000000E-01  6.613119E-01  2.074965E-08
4.000000E-01  6.374240E-01  1.742325E-08
4.000000E-01  6.129071E-01  1.499893E-08
4.000000E-01  5.877853E-01  1.260400E-08
4.000000E-01  5.620834E-01  1.050740E-08
4.000000E-01  5.358268E-01  8.688812E-09
4.000000E-01  5.090414E-01  7.119434E-09
4.000000E-01  4.817537E-01  5.795978E-09
4.000000E-01  4.539905E-01  4.681090E-09
4.000000E-01  4.257793E-01  3.748369E-09
4.000000E-01  3.971479E-01  2.978112E-09
4.000000E-01  3.681246E-01  2.346560E-09
4.000000E-01  3.387379E-01  1.835578E-09
4.000000E-01  3.090170E-01  1.424538E-09
4.000000E-01  2.789911E-01  1.097698E-09
4.000000E-01  2.486899E-01  8.395476E-10
4.000000E-01  2.181432E-01  6.375201E-10
4.000000E-01  1.873813E-01  4.808217E-10
4.000000E-01  1.564345E-01  3.601458E-10
4.000000E-01  1.253332E-01  2.680082E-10
4.000000E-01  9.410831E-02  1.982411E-10
4.000000E-01  6.279052E-02  1.458353E-10
4.000000E-01  3.141076E-02  1.067114E-10
4.000000E-01  -1.271035E-15  7.766166E-11
4.200000E-01  1.000000E+00  1.590778E-07
4.200000E-01  9.995066E-01  1.583851E-07
4.200000E-01  9.980267E-01  1.577352E-07
4.200000E-01  9.955620E-01  1.560811E-07
4.200000E-01  9.921147E-01  1.538014E-07
4.200000E-01  9.876883E-01  1.507732E-07
4.200000E-01  9.822873E-01  1.472264E-07
4.200000E-01  9.759168E-01  1.430481E-07
4.200000E-01  9.685832E-01  1.383385E-07
4.200000E-01  9.602937E-01  1.331290E-07
4.200000E-01  9.510565E-01  1.271620E-07
4.200000E-01  9.408808E-01  1.210344E-07
4.200000E-01  9.297765E-01  1.148522E-07
4.200000E-01  9.177546E-01  1.079095E-07
4.200000E-01  9.048271E-01  1.010747E-07
4.200000E-01  8.910065E-01  9.407908E-08
4.200000E-01  8.763067E-01  8.754144E-08
4.200000E-01  8.607420E-01  7.999227E-08
4.200000E-01  8.443279E-01  7.305414E-08
4.200000E-01  8.270806E-01  6.624948E-08
4.200000E-01  8.090170E-01  5.962181E-08
4.200000E-01  7.901550E-01  5.330640E-08
4.200000E-01  7.705132E-01  4.732540E-08
4.200000E-01  7.501111E-01  4.169448E-08
4.200000E-01  7.289686E-01  3.648573E-08
4.200000E-01  7.071068E-01  3.161685E-08
4.200000E-01  6.845471E-01  2.719666E-08
4.200000E-01  6.613119E-01  2.320109E-08
4.200000E-01  6.374240E-01  1.963037E-08
4.200000E-01  6.129071E-01  1.646824E-08
4.200000E-01  5.877853E-01  1.369747E-08
4.200000E-01  5.620834E-01  1.129168E-08
4.200000E-01  5.358268E-01  9.230980E-09
4.200000E-01  5.090414E-01  7.477740E-09
4.200000E-01  4.817537E-01  6.007531E-09
4.200000E-01  4.539905E-01  4.783322E-09
4.200000E-01  4.257793E-01  3.775156E-09
4.200000E-01  3.971479E-01  2.953043E-09
4.200000E-01  3.681246E-01  2.289825E-09
4.200000E-01  3.387379E-01  1.763128E-09
4.200000E-01  3.090170E-01  1.344603E-09
4.200000E-01  2.789911E-01  1.017561E-09
4.200000E-01  2.486899E-01  7.639643E-10
4.200000E-01  2.181432E-01  5.691046E-10
4.200000E-01  1.873813E-01  4.207478E-10
4.200000E-01  1.564345E-01  3.087796E-10
4.200000E-01  1.253332E-01  2.249737E-10
4.200000E-01  9.410831E-02  1.628596E-10
4.200000E-01  6.279052E-02  1.171581E-10
4.200000E-01  3.141076E-02  8.382481E-11
4.200000E-01  -1.271035E-15  5.960939E-11
4.400000E-01  1.000000E+00  1.905660E-07
4.400000E-01  9.995066E-01  1.901125E-07
4.400000E-01  9.980267E-01  1.889122E-07
4.400000E-01  9.955620E-01  1.868497E-07
4.400000E-01  9.921147E-01  1.840566E-07
4.400000E-01  9.876883E-01  1.804136E-07
4.400000E-01  9.822873E-01  1.760326E-07
4.400000E-01  9.759168E-01  1.717950E-07
4.400000E-01  9.685832E-01  1.651747E-07
4.400000E-01  9.602937E-01  1.587072E-07
4.400000E-01  9.510565E-01  1.514730E-07
4.400000E-01  9.408808E-01  1.439799E-07
4.400000E-01  9.297765E-01  1.361155E-07
4.400000E-01  9.177546E-01  1.279699E-07
4.400000E-01  9.048271E-01  1.195853E-07
4.400000E-01  8.910065E-01  1.110308E-07
4.400000E-01  8.763067E-01  1.023968E-07
4.400000E-01  8.607420E-01  9.391202E-08
4.400000E-01  8.443279E-01  8.536122E-08
4.400000E-01  8.270806E-01  7.715041E-08
4.400000E-01  8.090170E-01  6.911275E-08
4.400000E-01  7.901550E-01  6.148241E-08
4.400000E-01  7.705132E-01  5.427134E-08
4.400000E-01  7.501111E-01  4.752822E-08
4.400000E-01  7.289686E-01  4.126062E-08
4.400000E-01  7.071068E-01  3.552738E-08
4.400000E-01  6.845471E-01  3.032506E-08
4.400000E-01  6.613119E-01  2.565915E-08
4.400000E-01  6.374240E-01  2.149939E-08
4.400000E-01  6.129071E-01  1.771625E-08
4.400000E-01  5.877853E-01  1.469869E-08
4.400000E-01  5.620834E-01  1.202663E-08
4.400000E-01  5.358268E-01  9.676263E-09
4.400000E-01  5.090414E-01  7.740857E-09
4.400000E-01  4.817537E-01  6.134036E-09
4.400000E-01  4.539905E-01  4.845313E-09
4.400000E-01  4.257793E-01  3.743144E-09
4.400000E-01  3.971479E-01  2.883377E-09
4.400000E-01  3.681246E-01  2.200320E-09
4.400000E-01  3.387379E-01  1.663357E-09
4.400000E-01  3.090170E-01  1.246580E-09
4.400000E-01  2.789911E-01  9.257384E-10
4.400000E-01  2.486899E-01  6.817430E-10
4.400000E-01  2.181432E-01  4.978947E-10
4.400000E-01  1.873813E-01  3.605971E-10
4.400000E-01  1.564345E-01  2.590810E-10
4.400000E-01  1.253332E-01  1.846942E-10
4.400000E-01  9.410831E-02  1.308150E-10
4.400000E-01  6.279052E-02  8.898488E-11
4.400000E-01  3.141076E-02  6.430891E-11
4.400000E-01  -1.271035E-15  4.318509E-11
4.600000E-01  1.000000E+00  2.289572E-07
4.600000E-01  9.995066E-01  2.288197E-07
4.600000E-01  9.980267E-01  2.269058E-07
4.600000E-01  9.955620E-01  2.244241E-07
4.600000E-01  9.921147E-01  2.208837E-07
4.600000E-01  9.876883E-01  2.164096E-07
4.600000E-01  9.822873E-01  2.109797E-07
4.600000E-01  9.759168E-01  2.047392E-07
4.600000E-01  9.685832E-01  1.975739E-07
4.600000E-01  9.602937E-01  1.897167E-07
4.600000E-01  9.510565E-01  1.808236E-07
4.600000E-01  9.408808E-01  1.715567E-07
4.600000E-01  9.297765E-01  1.618637E-07
4.600000E-01  9.177546E-01  1.518653E-07
4.600000E-01  9.048271E-01  1.415447E-07
4.600000E-01  8.910065E-01  1.310678E-07
4.600000E-01  8.763067E-01  1.205187E-07
4.600000E-01  8.607420E-01  1.100410E-07
4.600000E-01  8.443279E-01  9.971546E-08
4.600000E-01  8.270806E-01  8.968231E-08
4.600000E-01  8.090170E-01  8.000488E-08
4.600000E-01  7.901550E-01  7.083046E-08
4.600000E-01  7.705132E-01  6.212639E-08
4.600000E-01  7.501111E-01  5.403156E-08
4.600000E-01  7.289686E-01  4.658830E-08
4.600000E-01  7.071068E-01  3.980232E-08
4.600000E-01  6.845471E-01  3.369347E-08
4.600000E-01  6.613119E-01  2.823559E-08
4.600000E-01  6.374240E-01  9.973844E-09
4.600000E-01  6.129071E-01  7.901125E-09
4.600000E-01  5.877853E-01  1.567996E-08
4.600000E-01  5.620834E-01  1.263388E-08
4.600000E-01  5.358268E-01  1.007536E-08
4.600000E-01  5.090414E-01  7.951274E-09
4.600000E-01  4.817537E-01  6.210450E-09
4.600000E-01  4.539905E-01  4.803332E-09
4.600000E-01  4.257793E-01  3.674317E-09
4.600000E-01  3.971479E-01  2.785897E-09
4.600000E-01  3.681246E-01  2.090003E-09
4.600000E-01  3.387379E-01  1.552193E-09
4.600000E-01  3.090170E-01  1.142109E-09
4.600000E-01  2.789911E-01  8.322265E-10
4.600000E-01  2.486899E-01  6.009382E-10
4.600000E-01  2.181432E-01  4.299249E-10
4.600000E-01  1.873813E-01  7.685264E-11
4.600000E-01  1.564345E-01  5.289716E-11
4.600000E-01  1.253332E-01  1.462280E-10
4.600000E-01  9.410831E-02  1.012794E-10
4.600000E-01  6.279052E-02  6.962846E-11
4.600000E-01  3.141076E-02  4.849495E-11
4.600000E-01  -1.271035E-15  3.289311E-11
4.800000E-01  1.000000E+00  2.819466E-07
4.800000E-01  9.995066E-01  2.814083E-07
4.800000E-01  9.980267E-01  2.798081E-07
4.800000E-01  9.955620E-01  2.762971E-07
4.800000E-01  9.921147E-01  2.713433E-07
4.800000E-01  9.876883E-01  2.661790E-07
4.800000E-01  9.822873E-01  2.591238E-07
4.800000E-01  9.759168E-01  2.512279E-07
4.800000E-01  9.685832E-01  2.421510E-07
4.800000E-01  9.602937E-01  2.317494E-07
4.800000E-01  9.510565E-01  2.199491E-07
4.800000E-01  9.408808E-01  2.091352E-07
4.800000E-01  9.297765E-01  1.969570E-07
4.800000E-01  9.177546E-01  1.841968E-07
4.800000E-01  9.048271E-01  1.713409E-07
4.800000E-01  8.910065E-01  1.579787E-07
4.800000E-01  8.763067E-01  1.446585E-07
4.800000E-01  8.607420E-01  1.315436E-07
4.800000E-01  8.443279E-01  1.185737E-07
4.800000E-01  8.270806E-01  1.060685E-07
4.800000E-01  8.090170E-01  9.428679E-08
4.800000E-01  7.901550E-01  8.275813E-08
4.800000E-01  7.705132E-01  7.209796E-08
4.800000E-01  7.501111E-01  6.230879E-08
4.800000E-01  7.289686E-01  5.328658E-08
4.800000E-01  7.071068E-01  4.510098E-08
4.800000E-01  6.845471E-01  1.675433E-08
4.800000E-01  6.613119E-01  3.143851E-08
4.800000E-01  6.374240E-01  2.582272E-08
4.800000E-01  6.129071E-01  2.100274E-08
4.800000E-01  5.877853E-01  1.688369E-08
4.800000E-01  5.620834E-01  1.341489E-08
4.800000E-01  5.358268E-01  1.056276E-08
4.800000E-01  5.090414E-01  8.217712E-09
4.800000E-01  4.817537E-01  6.328184E-09
4.800000E-01  4.539905E-01  4.818282E-09
4.800000E-01  4.257793E-01  3.626974E-09
4.800000E-01  3.971479E-01  2.701117E-09
4.800000E-01  3.681246E-01  1.990636E-09
4.800000E-01  3.387379E-01  1.450232E-09
4.800000E-01  3.090170E-01  1.049521E-09
4.800000E-01  2.789911E-01  7.499811E-10
4.800000E-01  2.486899E-01  5.304967E-10
4.800000E-01  2.181432E-01  3.639314E-10
4.800000E-01  1.873813E-01  2.532510E-10
4.800000E-01  1.564345E-01  1.758843E-10
4.800000E-01  1.253332E-01  1.210663E-10
4.800000E-01  9.410831E-02  1.787854E-11
4.800000E-01  6.279052E-02  5.485061E-11
4.800000E-01  3.141076E-02  3.651574E-11
4.800000E-01  -1.271035E-15  2.418842E-11
5.000000E-01  1.000000E+00  3.510406E-07
5.000000E-01  9.995066E-01  3.454783E-07
5.000000E-01  9.980267E-01  3.477660E-07
5.000000E-01  9.955620E-01  3.446296E-07
5.000000E-01  9.921147E-01  3.261606E-07
5.000000E-01  9.876883E-01  3.294232E-07
5.000000E-01  9.822873E-01  3.201198E-07
5.000000E-01  9.759168E-01  3.098395E-07
5.000000E-01  9.685832E-01  2.985376E-07
5.000000E-01  9.602937E-01  2.870737E-07
5.000000E-01  9.510565E-01  2.713070E-07
5.000000E-01  9.408808E-01  2.577343E-07
5.000000E-01  9.297765E-01  2.422738E-07
5.000000E-01  9.177546E-01  2.261392E-07
5.000000E-01  9.048271E-01  2.093346E-07
5.000000E-01  8.910065E-01  1.928559E-07
5.000000E-01  8.763067E-01  1.750239E-07
5.000000E-01  8.607420E-01  1.613219E-07
5.000000E-01  8.443279E-01  1.432787E-07
5.000000E-01  8.270806E-01  1.277806E-07
5.000000E-01  8.090170E-01  1.123499E-07
5.000000E-01  7.901550E-01  9.875126E-08
5.000000E-01  7.705132E-01  8.537028E-08
5.000000E-01  7.501111E-01  3.516783E-08
5.000000E-01  7.289686E-01  6.193517E-08
5.000000E-01  7.071068E-01  5.169657E-08
5.000000E-01  6.845471E-01  4.292352E-08
5.000000E-01  6.613119E-01  3.530322E-08
5.000000E-01  6.374240E-01  2.873294E-08
5.000000E-01  6.129071E-01  2.293769E-08
5.000000E-01  5.877853E-01  1.830660E-08
5.000000E-01  5.620834E-01  1.431769E-08
5.000000E-01  5.358268E-01  1.114336E-08
5.000000E-01  5.090414E-01  8.577579E-09
5.000000E-01  4.817537E-01  6.496068E-09
5.000000E-01  4.539905E-01  4.854794E-09
5.000000E-01  4.257793E-01  3.611470E-09
5.000000E-01  3.971479E-01  2.617002E-09
5.000000E-01  3.681246E-01  1.902121E-09
5.000000E-01  3.387379E-01  1.365381E-09
5.000000E-01  3.090170E-01  9.697862E-10
5.000000E-01  2.789911E-01  6.798662E-10
5.000000E-01  2.486899E-01  4.718100E-10
5.000000E-01  2.181432E-01  3.247458E-10
5.000000E-01  1.873813E-01  2.201868E-10
5.000000E-01  1.564345E-01  1.469087E-10
5.000000E-01  1.253332E-01  9.805126E-11
5.000000E-01  9.410831E-02  6.283185E-11
5.000000E-01  6.279052E-02  4.216246E-11
5.000000E-01  3.141076E-02  5.369494E-12
5.000000E-01  -1.271035E-15  1.770920E-11
5.200000E-01  1.000000E+00  4.225429E-07
5.200000E-01  9.995066E-01  4.136888E-07
5.200000E-01  9.980267E-01  4.178609E-07
5.200000E-01  9.955620E-01  4.138920E-07
5.200000E-01  9.921147E-01  4.120629E-07
5.200000E-01  9.876883E-01  4.210971E-07
5.200000E-01  9.822873E-01  3.902446E-07
5.200000E-01  9.759168E-01  3.887118E-07
5.200000E-01  9.685832E-01  3.589027E-07
5.200000E-01  9.602937E-01  3.563941E-07
5.200000E-01  9.510565E-01  3.267101E-07
5.200000E-01  9.408808E-01  3.088959E-07
5.200000E-01  9.297765E-01  2.914314E-07
5.200000E-01  9.177546E-01  2.729203E-07
5.200000E-01  9.048271E-01  2.513521E-07
5.200000E-01  8.910065E-01  2.341083E-07
5.200000E-01  8.763067E-01  2.111582E-07
5.200000E-01  8.607420E-01  1.893038E-07
5.200000E-01  8.443279E-01  1.685805E-07
5.200000E-01  8.270806E-01  1.495270E-07
5.200000E-01  8.090170E-01  1.307845E-07
5.200000E-01  7.901550E-01  1.152479E-07
5.200000E-01  7.705132E-01  1.005589E-07
5.200000E-01  7.501111E-01  8.404240E-08
5.200000E-01  7.289686E-01  7.091804E-08
5.200000E-01  7.071068E-01  5.811437E-08
5.200000E-01  6.845471E-01  4.860987E-08
5.200000E-01  6.613119E-01  3.887119E-08
5.200000E-01  6.374240E-01  3.137023E-08
5.200000E-01  6.129071E-01  2.494286E-08
5.200000E-01  5.877853E-01  1.938586E-08
5.200000E-01  5.620834E-01  1.505897E-08
5.200000E-01  5.358268E-01  1.164573E-08
5.200000E-01  5.090414E-01  8.731120E-09
5.200000E-01  4.817537E-01  6.526122E-09
5.200000E-01  4.539905E-01  4.863028E-09
5.200000E-01  4.257793E-01  3.533996E-09
5.200000E-01  3.971479E-01  2.657813E-09
5.200000E-01  3.681246E-01  1.805731E-09
5.200000E-01  3.387379E-01  1.256716E-09
5.200000E-01  3.090170E-01  8.713964E-10
5.200000E-01  2.789911E-01  5.993571E-10
5.200000E-01  2.486899E-01  4.094749E-10
5.200000E-01  2.181432E-01  2.705918E-10
5.200000E-01  1.873813E-01  1.842335E-10
5.200000E-01  1.564345E-01  1.200552E-10
5.200000E-01  1.253332E-01  7.600774E-11
5.200000E-01  9.410831E-02  4.958948E-11
5.200000E-01  6.279052E-02  3.150288E-11
5.200000E-01  3.141076E-02  2.049419E-11
5.200000E-01  -1.271035E-15  1.256244E-11
5.400000E-01  1.000000E+00  4.774626E-07
5.400000E-01  9.995066E-01  4.768479E-07
5.400000E-01  9.980267E-01  4.858409E-07
5.400000E-01  9.955620E-01  4.647876E-07
5.400000E-01  9.921147E-01  4.441185E-07
5.400000E-01  9.876883E-01  4.323532E-07
5.400000E-01  9.822873E-01  4.508626E-07
5.400000E-01  9.759168E-01  4.225241E-07
5.400000E-01  9.685832E-01  4.066414E-07
5.400000E-01  9.602937E-01  4.089050E-07
5.400000E-01  9.510565E-01  3.661557E-07
5.400000E-01  9.408808E-01  3.562064E-07
5.400000E-01  9.297765E-01  2.087044E-07
5.400000E-01  9.177546E-01  3.062317E-07
5.400000E-01  9.048271E-01  1.721879E-07
5.400000E-01  8.910065E-01  2.466220E-07
5.400000E-01  8.763067E-01  2.396605E-07
5.400000E-01  8.607420E-01  2.103539E-07
5.400000E-01  8.443279E-01  1.876639E-07
5.400000E-01  8.270806E-01  1.699007E-07
5.400000E-01  8.090170E-01  1.434001E-07
5.400000E-01  7.901550E-01  1.222049E-07
5.400000E-01  7.705132E-01  1.044192E-07
5.400000E-01  7.501111E-01  8.732574E-08
5.400000E-01  7.289686E-01  7.532721E-08
5.400000E-01  7.071068E-01  6.228076E-08
5.400000E-01  6.845471E-01  5.058691E-08
5.400000E-01  6.613119E-01  4.149893E-08
5.400000E-01  6.374240E-01  3.271712E-08
5.400000E-01  6.129071E-01  2.610930E-08
5.400000E-01  5.877853E-01  2.020112E-08
5.400000E-01  5.620834E-01  1.523470E-08
5.400000E-01  5.358268E-01  1.114720E-08
5.400000E-01  5.090414E-01  8.311134E-09
5.400000E-01  4.817537E-01  6.225825E-09
5.400000E-01  4.539905E-01  4.521114E-09
5.400000E-01  4.257793E-01  3.365465E-09
5.400000E-01  3.971479E-01  2.232439E-09
5.400000E-01  3.681246E-01  1.609203E-09
5.400000E-01  3.387379E-01  1.108055E-09
5.400000E-01  3.090170E-01  7.465043E-10
5.400000E-01  2.789911E-01  4.966964E-10
5.400000E-01  2.486899E-01  3.216269E-10
5.400000E-01  2.181432E-01  2.152688E-10
5.400000E-01  1.873813E-01  1.384379E-10
5.400000E-01  1.564345E-01  8.738293E-11
5.400000E-01  1.253332E-01  5.630368E-11
5.400000E-01  9.410831E-02  3.511828E-11
5.400000E-01  6.279052E-02  2.191537E-11
5.400000E-01  3.141076E-02  1.365766E-11
5.400000E-01  -1.271035E-15  8.242369E-12
5.600000E-01  1.000000E+00  4.967410E-07
5.600000E-01  9.995066E-01  4.784017E-07
5.600000E-01  9.980267E-01  4.849820E-07
5.600000E-01  9.955620E-01  4.961884E-07
5.600000E-01  9.921147E-01  4.701336E-07
5.600000E-01  9.876883E-01  4.491092E-07
5.600000E-01  9.822873E-01  4.340864E-07
5.600000E-01  9.759168E-01  4.388813E-07
5.600000E-01  9.685832E-01  4.422986E-07
5.600000E-01  9.602937E-01  4.022415E-07
5.600000E-01  9.510565E-01  3.537555E-07
5.600000E-01  9.408808E-01  3.361925E-07
5.600000E-01  9.297765E-01  3.239599E-07
5.600000E-01  9.177546E-01  3.109902E-07
5.600000E-01  9.048271E-01  2.753850E-07
5.600000E-01  8.910065E-01  2.632171E-07
5.600000E-01  8.763067E-01  2.340329E-07
5.600000E-01  8.607420E-01  2.093727E-07
5.600000E-01  8.443279E-01  1.918349E-07
5.600000E-01  8.270806E-01  1.646843E-07
5.600000E-01  8.090170E-01  1.553892E-07
5.600000E-01  7.901550E-01  1.184704E-07
5.600000E-01  7.705132E-01  1.057317E-07
5.600000E-01  7.501111E-01  9.009445E-08
5.600000E-01  7.289686E-01  7.780360E-08
5.600000E-01  7.071068E-01  6.340549E-08
5.600000E-01  6.845471E-01  4.825356E-08
5.600000E-01  6.613119E-01  4.029630E-08
5.600000E-01  6.374240E-01  3.262974E-08
5.600000E-01  6.129071E-01  2.406516E-08
5.600000E-01  5.877853E-01  1.882477E-08
5.600000E-01  5.620834E-01  1.406914E-08
5.600000E-01  5.358268E-01  1.128739E-08
5.600000E-01  5.090414E-01  7.280872E-09
5.600000E-01  4.817537E-01  5.825847E-09
5.600000E-01  4.539905E-01  3.760074E-09
5.600000E-01  4.257793E-01  3.007746E-09
5.600000E-01  3.971479E-01  2.443344E-09
5.600000E-01  3.681246E-01  1.618097E-09
5.600000E-01  3.387379E-01  9.043132E-10
5.600000E-01  3.090170E-01  5.966487E-10
5.600000E-01  2.789911E-01  3.794458E-10
5.600000E-01  2.486899E-01  2.571362E-10
5.600000E-01  2.181432E-01  1.548863E-10
5.600000E-01  1.873813E-01  9.974088E-11
5.600000E-01  1.564345E-01  6.243930E-11
5.600000E-01  1.253332E-01  3.751026E-11
5.600000E-01  9.410831E-02  2.394999E-11
5.600000E-01  6.279052E-02  1.159745E-11
5.600000E-01  3.141076E-02  8.399972E-12
5.600000E-01  -1.271035E-15  4.980582E-12
5.800000E-01  1.000000E+00  4.369669E-07
5.800000E-01  9.995066E-01  4.446697E-07
5.800000E-01  9.980267E-01  4.468226E-07
5.800000E-01  9.955620E-01  4.205801E-07
5.800000E-01  9.921147E-01  4.085811E-07
5.800000E-01  9.876883E-01  4.328982E-07
5.800000E-01  9.822873E-01  4.141496E-07
5.800000E-01  9.759168E-01  3.854479E-07
5.800000E-01  9.685832E-01  4.097269E-07
5.800000E-01  9.602937E-01  3.611237E-07
5.800000E-01  9.510565E-01  3.543720E-07
5.800000E-01  9.408808E-01  3.424220E-07
5.800000E-01  9.297765E-01  3.148725E-07
5.800000E-01  9.177546E-01  3.135644E-07
5.800000E-01  9.048271E-01  2.762615E-07
5.800000E-01  8.910065E-01  2.655531E-07
5.800000E-01  8.763067E-01  2.329171E-07
5.800000E-01  8.607420E-01  2.010400E-07
5.800000E-01  8.443279E-01  1.9359