1.985	0.375	0.063700	0.011400
1.985	0.425	0.078100	0.012200
1.985	0.475	0.081300	0.013800
1.985	0.525	0.094300	0.014200
1.985	0.575	0.076500	0.012800
1.985	0.625	0.082200	0.013500
1.985	0.675	0.116400	0.018100
1.985	0.725	0.099900	0.020200
1.985	0.775	0.066300	0.023500
1.985	0.825	0.083400	0.052400
1.985	-0.400	0.090400	0.026900
1.985	-0.300	0.088700	0.016800
1.985	-0.200	0.054500	0.010400
1.985	-0.100	0.069200	0.010100
1.985	0.000	0.058000	0.008400
1.985	0.100	0.088800	0.011000
1.985	0.200	0.063500	0.008300
1.985	0.300	0.080500	0.009200
1.995	0.375	0.080900	0.011500
1.995	0.425	0.094600	0.012000
1.995	0.475	0.106200	0.013200
1.995	0.525	0.109900	0.013500
1.995	0.575	0.119300	0.014100
1.995	0.625	0.114900	0.013700
1.995	0.675	0.106400	0.012900
1.995	0.725	0.113700	0.014300
1.995	0.775	0.122600	0.016100
1.995	0.825	0.118300	0.019800
1.995	0.875	0.153100	0.054600
1.995	-0.500	0.047100	0.017500
1.995	-0.400	0.054600	0.011000
1.995	-0.300	0.061800	0.009700
1.995	-0.200	0.053100	0.007800
1.995	-0.100	0.061700	0.009500
1.995	0.000	0.082000	0.009000
1.995	0.100	0.070400	0.008000
1.995	0.200	0.090300	0.009300
1.995	0.300	0.094700	0.008900
2.005	0.375	0.073300	0.009600
2.005	0.425	0.090900	0.010500
2.005	0.475	0.095100	0.010600
2.005	0.525	0.094200	0.010900
2.005	0.575	0.099600	0.011200
2.005	0.625	0.106500	0.011800
2.005	0.675	0.132300	0.013700
2.005	0.725	0.135100	0.014200
2.005	0.775	0.150700	0.015900
2.005	0.825	0.172300	0.018100
2.005	0.875	0.197400	0.025800
2.005	-0.600	0.038700	0.014000
2.005	-0.500	0.038900	0.007200
2.005	-0.400	0.049900	0.007600
2.005	-0.300	0.047200	0.006500
2.005	-0.200	0.053600	0.006900
2.005	-0.100	0.051400	0.006400
2.005	0.000	0.069500	0.007300
2.005	0.100	0.057600	0.006200
2.005	0.200	0.071700	0.007000
2.005	0.300	0.075000	0.006700
2.015	0.375	0.080800	0.009500
2.015	0.425	0.101500	0.011900
2.015	0.475	0.106800	0.011800
2.015	0.525	0.102800	0.011600
2.015	0.575	0.098700	0.011300
2.015	0.625	0.117800	0.012700
2.015	0.675	0.137600	0.013800
2.015	0.725	0.156300	0.016000
2.015	0.775	0.150000	0.015300
2.015	0.825	0.184200	0.017700
2.015	0.875	0.198100	0.019300
2.015	0.925	0.191000	0.066300
2.015	-0.675	0.066100	0.048500
2.015	-0.600	0.049900	0.010100
2.015	-0.500	0.052500	0.008700
2.015	-0.400	0.052100	0.008200
2.015	-0.300	0.055600	0.007400
2.015	-0.200	0.053900	0.007200
2.015	-0.100	0.056200	0.006800
2.015	0.000	0.062800	0.006900
2.015	0.100	0.066000	0.006800
2.015	0.200	0.081400	0.007200
2.015	0.300	0.080600	0.007200
2.025	0.375	0.087500	0.010500
2.025	0.425	0.080000	0.009700
2.025	0.475	0.100900	0.010800
2.025	0.525	0.100400	0.010400
2.025	0.575	0.107300	0.011000
2.025	0.625	0.133400	0.012900
2.025	0.675	0.139100	0.013100
2.025	0.725	0.136700	0.013000
2.025	0.775	0.181300	0.016700
2.025	0.825	0.164200	0.016500
2.025	0.875	0.197700	0.019600
2.025	-0.675	0.072000	0.035600
2.025	-0.600	0.047800	0.008500
2.025	-0.500	0.046900	0.007700
2.025	-0.400	0.054300	0.008000
2.025	-0.300	0.046700	0.006600
2.025	-0.200	0.056300	0.007400
2.025	-0.100	0.059500	0.007300
2.025	0.000	0.060000	0.006800
2.025	0.100	0.059500	0.006400
2.025	0.200	0.065600	0.006700
2.025	0.300	0.076200	0.006900
2.035	0.375	0.106400	0.011400
2.035	0.425	0.099100	0.010900
2.035	0.475	0.111200	0.012000
2.035	0.525	0.111100	0.011700
2.035	0.575	0.130000	0.012500
2.035	0.625	0.137000	0.012600
2.035	0.675	0.135200	0.013400
2.035	0.725	0.152500	0.014500
2.035	0.775	0.188800	0.016400
2.035	0.825	0.241500	0.020200
2.035	0.875	0.227600	0.020800
2.035	0.925	0.267200	0.028200
2.035	-0.700	0.061100	0.017600
2.035	-0.600	0.060300	0.009000
2.035	-0.500	0.058200	0.008200
2.035	-0.400	0.055100	0.007300
2.035	-0.300	0.064500	0.008100
2.035	-0.200	0.067100	0.007900
2.035	-0.100	0.059200	0.007400
2.035	0.000	0.060100	0.006900
2.035	0.100	0.070400	0.007200
2.035	0.200	0.078800	0.007400
2.035	0.300	0.086900	0.007600
2.045	0.375	0.088100	0.011500
2.045	0.425	0.097800	0.011600
2.045	0.475	0.102400	0.010900
2.045	0.525	0.123200	0.012700
2.045	0.575	0.131800	0.012900
2.045	0.625	0.147900	0.014100
2.045	0.675	0.164200	0.014500
2.045	0.725	0.189400	0.016800
2.045	0.775	0.197900	0.018200
2.045	0.825	0.199200	0.019100
2.045	0.875	0.250000	0.024400
2.045	0.925	0.259600	0.026400
2.045	-0.600	0.057400	0.009600
2.045	-0.500	0.062200	0.008900
2.045	-0.400	0.058700	0.008100
2.045	-0.300	0.061800	0.008600
2.045	-0.200	0.062800	0.008400
2.045	-0.100	0.060200	0.008400
2.045	0.000	0.058400	0.007400
2.045	0.100	0.057000	0.007000
2.045	0.200	0.067700	0.007300
2.045	0.300	0.079400	0.007600
2.055	0.375	0.102300	0.011300
2.055	0.425	0.108100	0.011300
2.055	0.475	0.110400	0.011000
2.055	0.525	0.128000	0.012200
2.055	0.575	0.137800	0.013300
2.055	0.625	0.145000	0.013300
2.055	0.675	0.176300	0.016200
2.055	0.725	0.196500	0.017900
2.055	0.775	0.237500	0.019900
2.055	0.825	0.209800	0.019300
2.055	0.875	0.309600	0.024500
2.055	0.925	0.286900	0.028500
2.055	-0.600	0.060200	0.008700
2.055	-0.500	0.059900	0.008200
2.055	-0.400	0.060400	0.008100
2.055	-0.300	0.061300	0.008200
2.055	-0.200	0.055100	0.007400
2.055	-0.100	0.066700	0.008200
2.055	0.000	0.060200	0.007200
2.055	0.100	0.068300	0.007200
2.055	0.200	0.077300	0.007400
2.055	0.300	0.091600	0.008000
2.065	0.375	0.103900	0.011500
2.065	0.425	0.123700	0.012600
2.065	0.475	0.130700	0.013000
2.065	0.525	0.140500	0.013300
2.065	0.575	0.147400	0.013900
2.065	0.625	0.150000	0.014000
2.065	0.675	0.173200	0.016400
2.065	0.725	0.205900	0.018600
2.065	0.775	0.238600	0.019900
2.065	0.825	0.271200	0.022100
2.065	0.875	0.317700	0.025300
2.065	0.925	0.345900	0.031700
2.065	-0.775	0.050200	0.149100
2.065	-0.700	0.063800	0.010200
2.065	-0.600	0.053000	0.008400
2.065	-0.500	0.054500	0.008000
2.065	-0.400	0.062400	0.008400
2.065	-0.300	0.058500	0.007600
2.065	-0.200	0.053300	0.007400
2.065	-0.100	0.061100	0.007700
2.065	0.000	0.060400	0.007900
2.065	0.100	0.068400	0.007800
2.065	0.200	0.075300	0.007400
2.065	0.300	0.082100	0.007300
2.075	0.375	0.113100	0.012200
2.075	0.425	0.122400	0.012500
2.075	0.475	0.129200	0.012600
2.075	0.525	0.129000	0.013300
2.075	0.575	0.148600	0.014000
2.075	0.625	0.176600	0.016600
2.075	0.675	0.210900	0.017200
2.075	0.725	0.255700	0.020300
2.075	0.775	0.280100	0.021800
2.075	0.825	0.323000	0.023800
2.075	0.875	0.339000	0.025400
2.075	0.925	0.467100	0.034500
2.075	-0.775	0.031100	0.015700
2.075	-0.700	0.056100	0.008900
2.075	-0.600	0.055100	0.008400
2.075	-0.500	0.051300	0.007800
2.075	-0.400	0.051800	0.007300
2.075	-0.300	0.057100	0.007500
2.075	-0.200	0.050800	0.007300
2.075	-0.100	0.050200	0.006600
2.075	0.000	0.059300	0.007200
2.075	0.100	0.067400	0.007800
2.075	0.200	0.078200	0.007700
2.075	0.300	0.091000	0.007900
2.085	0.375	0.125900	0.013500
2.085	0.425	0.137200	0.014000
2.085	0.475	0.141200	0.014300
2.085	0.525	0.158200	0.014800
2.085	0.575	0.184300	0.017300
2.085	0.625	0.198600	0.018800
2.085	0.675	0.244000	0.019900
2.085	0.725	0.277600	0.021700
2.085	0.775	0.303400	0.022300
2.085	0.825	0.346400	0.025900
2.085	0.875	0.368200	0.030200
2.085	0.925	0.524000	0.043300
2.085	-0.775	0.049400	0.069400
2.085	-0.700	0.061200	0.010000
2.085	-0.600	0.069500	0.009500
2.085	-0.500	0.061200	0.008900
2.085	-0.400	0.059400	0.007800
2.085	-0.300	0.059400	0.008400
2.085	-0.200	0.054200	0.007600
2.085	-0.100	0.062900	0.008100
2.085	0.000	0.072500	0.008100
2.085	0.100	0.085300	0.008700
2.085	0.200	0.089800	0.008100
2.085	0.300	0.110100	0.009100
2.095	0.375	0.109900	0.012900
2.095	0.425	0.141700	0.014300
2.095	0.475	0.149100	0.014500
2.095	0.525	0.163100	0.014500
2.095	0.575	0.192500	0.016400
2.095	0.625	0.252000	0.020300
2.095	0.675	0.286300	0.020400
2.095	0.725	0.302200	0.021100
2.095	0.775	0.340300	0.023900
2.095	0.825	0.383800	0.027700
2.095	0.875	0.430500	0.031800
2.095	0.925	0.597600	0.047500
2.095	-0.775	0.047000	0.034200
2.095	-0.700	0.040400	0.007700
2.095	-0.600	0.047400	0.008000
2.095	-0.500	0.067900	0.009500
2.095	-0.400	0.070000	0.008900
2.095	-0.300	0.067900	0.008200
2.095	-0.200	0.063500	0.007700
2.095	-0.100	0.062900	0.007900
2.095	0.000	0.066900	0.007900
2.095	0.100	0.073300	0.007900
2.095	0.200	0.076000	0.007600
2.095	0.300	0.101500	0.008500
2.105	0.375	0.112900	0.011700
2.105	0.425	0.113700	0.011900
2.105	0.475	0.142100	0.013800
2.105	0.525	0.162100	0.015600
2.105	0.575	0.187600	0.016200
2.105	0.625	0.229100	0.017400
2.105	0.675	0.271800	0.019700
2.105	0.725	0.318100	0.021500
2.105	0.775	0.367000	0.025900
2.105	0.825	0.367500	0.027800
2.105	0.875	0.457600	0.034800
2.105	0.925	0.581400	0.045900
2.105	-0.775	0.052800	0.015300
2.105	-0.700	0.050500	0.008900
2.105	-0.600	0.057200	0.008600
2.105	-0.500	0.059200	0.007900
2.105	-0.400	0.062700	0.008100
2.105	-0.300	0.054800	0.007500
2.105	-0.200	0.050200	0.007500
2.105	-0.100	0.054400	0.007900
2.105	0.000	0.061900	0.007400
2.105	0.100	0.072100	0.007600
2.105	0.200	0.086100	0.008000
2.105	0.300	0.109300	0.008600
2.115	0.375	0.128400	0.014000
2.115	0.425	0.139300	0.014700
2.115	0.475	0.171400	0.017000
2.115	0.525	0.174700	0.015900
2.115	0.575	0.214900	0.016900
2.115	0.625	0.230600	0.018200
2.115	0.675	0.243400	0.019600
2.115	0.725	0.306300	0.023700
2.115	0.775	0.366700	0.027400
2.115	0.825	0.410300	0.030900
2.115	0.875	0.473500	0.034400
2.115	0.925	0.659800	0.052800
2.115	-0.775	0.056800	0.021200
2.115	-0.700	0.067200	0.010400
2.115	-0.600	0.069300	0.010100
2.115	-0.500	0.066800	0.009300
2.115	-0.400	0.056500	0.007800
2.115	-0.300	0.068100	0.008000
2.115	-0.200	0.064000	0.008400
2.115	-0.100	0.065000	0.007800
2.115	0.000	0.060500	0.007700
2.115	0.100	0.062700	0.007700
2.115	0.200	0.080000	0.008000
2.115	0.300	0.103900	0.009000
2.125	0.375	0.109900	0.011800
2.125	0.425	0.139400	0.014300
2.125	0.475	0.161400	0.015200
2.125	0.525	0.186800	0.016100
2.125	0.575	0.228800	0.017300
2.125	0.625	0.221200	0.017300
2.125	0.675	0.296700	0.022100
2.125	0.725	0.330900	0.024600
2.125	0.775	0.365600	0.026400
2.125	0.825	0.485000	0.033900
2.125	0.875	0.512700	0.035200
2.125	0.925	0.711600	0.054500
2.125	-0.800	0.034400	0.011300
2.125	-0.700	0.029200	0.006700
2.125	-0.600	0.054900	0.008200
2.125	-0.500	0.050200	0.007400
2.125	-0.400	0.060900	0.008000
2.125	-0.300	0.055300	0.007200
2.125	-0.200	0.060700	0.007300
2.125	-0.100	0.068800	0.007800
2.125	0.000	0.065100	0.007000
2.125	0.100	0.065700	0.007200
2.125	0.200	0.078100	0.007800
2.125	0.300	0.104000	0.008800
2.135	0.375	0.141600	0.014100
2.135	0.425	0.142100	0.014000
2.135	0.475	0.158100	0.014200
2.135	0.525	0.171900	0.015900
2.135	0.575	0.223700	0.017600
2.135	0.625	0.246200	0.019600
2.135	0.675	0.263900	0.020900
2.135	0.725	0.343500	0.026400
2.135	0.775	0.392800	0.028400
2.135	0.825	0.417300	0.030200
2.135	0.875	0.567100	0.040500
2.135	-0.800	0.026800	0.009900
2.135	-0.700	0.036500	0.007100
2.135	-0.600	0.045600	0.007500
2.135	-0.500	0.053500	0.008200
2.135	-0.400	0.060300	0.008000
2.135	-0.300	0.059100	0.007700
2.135	-0.200	0.050000	0.006600
2.135	-0.100	0.060600	0.008500
2.135	0.000	0.064800	0.007500
2.135	0.100	0.071600	0.007300
2.135	0.200	0.085800	0.007300
2.135	0.300	0.112700	0.008400
2.145	0.375	0.121800	0.012900
2.145	0.425	0.154700	0.015000
2.145	0.475	0.174600	0.015800
2.145	0.525	0.179500	0.016200
2.145	0.575	0.227300	0.018300
2.145	0.625	0.282400	0.022500
2.145	0.675	0.293700	0.022400
2.145	0.725	0.364400	0.025700
2.145	0.775	0.436200	0.029100
2.145	0.825	0.563900	0.038900
2.145	0.875	0.612300	0.041600
2.145	0.925	0.822200	0.069800
2.145	-0.800	0.038200	0.010900
2.145	-0.700	0.048800	0.008300
2.145	-0.600	0.035700	0.006800
2.145	-0.500	0.049100	0.007700
2.145	-0.400	0.053300	0.007800
2.145	-0.300	0.058700	0.007600
2.145	-0.200	0.065700	0.008000
2.145	-0.100	0.058400	0.007300
2.145	0.000	0.062200	0.007500
2.145	0.100	0.071600	0.007600
2.145	0.200	0.083500	0.007400
2.145	0.300	0.113200	0.008900
2.155	0.375	0.134000	0.013300
2.155	0.425	0.165800	0.015600
2.155	0.475	0.210500	0.016900
2.155	0.525	0.228600	0.017400
2.155	0.575	0.228200	0.018900
2.155	0.625	0.302900	0.023600
2.155	0.675	0.333200	0.024900
2.155	0.725	0.381500	0.026800
2.155	0.775	0.459800	0.031200
2.155	0.825	0.570400	0.039200
2.155	0.875	0.783200	0.050600
2.155	0.925	0.869800	0.080000
2.155	-0.800	0.038500	0.017400
2.155	-0.700	0.043900	0.007900
2.155	-0.600	0.055000	0.008200
2.155	-0.500	0.062400	0.008500
2.155	-0.400	0.075000	0.009000
2.155	-0.300	0.058000	0.007300
2.155	-0.200	0.058500	0.007900
2.155	-0.100	0.061700	0.007500
2.155	0.000	0.062900	0.007000
2.155	0.100	0.068800	0.006900
2.155	0.200	0.083200	0.007500
2.155	0.300	0.100100	0.008100
2.165	0.375	0.145600	0.014200
2.165	0.425	0.155700	0.014300
2.165	0.475	0.178500	0.015300
2.165	0.525	0.217500	0.016800
2.165	0.575	0.260800	0.018800
2.165	0.625	0.269300	0.020700
2.165	0.675	0.307400	0.021600
2.165	0.725	0.391700	0.026400
2.165	0.775	0.452600	0.028800
2.165	0.825	0.547900	0.036500
2.165	0.875	0.715600	0.049400
2.165	-0.800	0.022800	0.007700
2.165	-0.700	0.027700	0.006000
2.165	-0.600	0.037100	0.007000
2.165	-0.500	0.045700	0.007300
2.165	-0.400	0.042600	0.006000
2.165	-0.300	0.053200	0.006800
2.165	-0.200	0.056900	0.006600
2.165	-0.100	0.065100	0.008900
2.165	0.000	0.065800	0.006600
2.165	0.100	0.074900	0.006900
2.165	0.200	0.081800	0.006900
2.165	0.300	0.113100	0.008400
2.175	0.375	0.123900	0.012100
2.175	0.425	0.128100	0.012000
2.175	0.475	0.170400	0.014300
2.175	0.525	0.202100	0.016500
2.175	0.575	0.226200	0.017800
2.175	0.625	0.254700	0.018400
2.175	0.675	0.313000	0.022000
2.175	0.725	0.351600	0.024000
2.175	0.775	0.465100	0.029500
2.175	0.825	0.564000	0.037100
2.175	0.875	0.789800	0.053900
2.175	-0.800	0.043800	0.010600
2.175	-0.700	0.043800	0.007200
2.175	-0.600	0.043200	0.006600
2.175	-0.500	0.052300	0.007200
2.175	-0.400	0.047200	0.006000
2.175	-0.300	0.053900	0.006400
2.175	-0.200	0.055500	0.006100
2.175	-0.100	0.056900	0.006200
2.175	0.000	0.049400	0.005500
2.175	0.100	0.059600	0.005600
2.175	0.200	0.080500	0.006700
2.175	0.300	0.094700	0.007100
2.185	0.375	0.136800	0.012700
2.185	0.425	0.151200	0.013700
2.185	0.475	0.165900	0.013600
2.185	0.525	0.212900	0.015800
2.185	0.575	0.227600	0.017000
2.185	0.625	0.307500	0.021300
2.185	0.675	0.327300	0.022800
2.185	0.725	0.413100	0.027700
2.185	0.775	0.441600	0.030000
2.185	0.825	0.583400	0.038500
2.185	0.875	0.706000	0.054200
2.185	0.925	0.970800	0.163500
2.185	-0.800	0.020800	0.007200
2.185	-0.700	0.030600	0.006300
2.185	-0.600	0.034300	0.006000
2.185	-0.500	0.045800	0.006500
2.185	-0.400	0.051000	0.006500
2.185	-0.300	0.056600	0.006200
2.185	-0.200	0.054100	0.006100
2.185	-0.100	0.050600	0.005500
2.185	0.000	0.058800	0.006100
2.185	0.100	0.062900	0.005700
2.185	0.200	0.072500	0.005900
2.185	0.300	0.106000	0.007800
2.195	0.375	0.133600	0.015000
2.195	0.425	0.149100	0.014200
2.195	0.475	0.190100	0.016300
2.195	0.525	0.217800	0.018000
2.195	0.575	0.270700	0.020300
2.195	0.625	0.317400	0.022800
2.195	0.675	0.383500	0.027200
2.195	0.725	0.420600	0.027900
2.195	0.775	0.479600	0.034500
2.195	0.825	0.576800	0.044900
2.195	0.875	0.688300	0.056900
2.195	0.925	0.882400	0.118700
2.195	-0.800	0.018600	0.011200
2.195	-0.700	0.036400	0.008300
2.195	-0.600	0.036700	0.006700
2.195	-0.500	0.044800	0.007100
2.195	-0.400	0.049100	0.006600
2.195	-0.300	0.055600	0.006700
2.195	-0.200	0.045400	0.006100
2.195	-0.100	0.048800	0.006000
2.195	0.000	0.053400	0.005700
2.195	0.100	0.061600	0.006000
2.195	0.200	0.083900	0.006700
2.195	0.300	0.106400	0.008100
2.205	0.375	0.155300	0.013500
2.205	0.425	0.179100	0.014400
2.205	0.475	0.187500	0.016500
2.205	0.525	0.225300	0.017900
2.205	0.575	0.265500	0.021200
2.205	0.625	0.306200	0.023100
2.205	0.675	0.346900	0.025900
2.205	0.725	0.417900	0.032600
2.205	0.775	0.497500	0.038500
2.205	0.825	0.588100	0.047500
2.205	0.875	0.664300	0.060700
2.205	0.925	0.906500	0.145100
2.205	-0.800	0.032100	0.009600
2.205	-0.700	0.031300	0.006500
2.205	-0.600	0.042600	0.006500
2.205	-0.500	0.041100	0.006600
2.205	-0.400	0.042800	0.006200
2.205	-0.300	0.051800	0.006600
2.205	-0.200	0.044800	0.005700
2.205	-0.100	0.051900	0.006100
2.205	0.000	0.052900	0.005900
2.205	0.100	0.068000	0.006000
2.205	0.200	0.084300	0.007000
2.205	0.300	0.116100	0.008300
2.215	0.375	0.113700	0.011100
2.215	0.425	0.148000	0.012700
2.215	0.475	0.171900	0.014800
2.215	0.525	0.212700	0.016000
2.215	0.575	0.239500	0.017900
2.215	0.625	0.283700	0.020500
2.215	0.675	0.327000	0.024000
2.215	0.725	0.414000	0.031900
2.215	0.775	0.478100	0.038200
2.215	0.825	0.572600	0.048400
2.215	0.875	0.754700	0.064600
2.215	0.925	1.002100	0.347900
2.215	-0.800	0.021100	0.006500
2.215	-0.700	0.029400	0.005800
2.215	-0.600	0.025500	0.004800
2.215	-0.500	0.035400	0.005600
2.215	-0.400	0.044600	0.005800
2.215	-0.300	0.039200	0.005100
2.215	-0.200	0.041700	0.005000
2.215	-0.100	0.045500	0.005100
2.215	0.000	0.046300	0.004700
2.215	0.100	0.058100	0.005000
2.215	0.200	0.072500	0.005700
2.215	0.300	0.096300	0.006900
2.225	0.375	0.121200	0.010600
2.225	0.425	0.134100	0.012000
2.225	0.475	0.179500	0.014700
2.225	0.525	0.204000	0.015700
2.225	0.575	0.256600	0.019200
2.225	0.625	0.256800	0.019400
2.225	0.675	0.297500	0.023900
2.225	0.725	0.360600	0.029200
2.225	0.775	0.455200	0.037400
2.225	0.825	0.532300	0.045200
2.225	0.875	0.679200	0.054600
2.225	0.925	1.265100	0.292200
2.225	-0.800	0.040600	0.012400
2.225	-0.700	0.033500	0.006600
2.225	-0.600	0.031700	0.005600
2.225	-0.500	0.034300	0.005500
2.225	-0.400	0.031600	0.005100
2.225	-0.300	0.044100	0.005700
2.225	-0.200	0.044700	0.005200
2.225	-0.100	0.046900	0.004800
2.225	0.000	0.046000	0.004600
2.225	0.100	0.057000	0.004800
2.225	0.200	0.069300	0.005900
2.225	0.300	0.103200	0.007000
2.235	0.375	0.125400	0.010300
2.235	0.425	0.137900	0.012000
2.235	0.475	0.161400	0.013100
2.235	0.525	0.203800	0.015700
2.235	0.575	0.237700	0.017300
2.235	0.625	0.264400	0.019400
2.235	0.675	0.368900	0.027600
2.235	0.725	0.385900	0.031300
2.235	0.775	0.452700	0.037200
2.235	0.825	0.551200	0.041900
2.235	0.875	0.740300	0.055300
2.235	0.925	0.817600	0.230400
2.235	-0.800	0.018100	0.006900
2.235	-0.700	0.033400	0.006500
2.235	-0.600	0.036200	0.005900
2.235	-0.500	0.032700	0.005200
2.235	-0.400	0.043300	0.005600
2.235	-0.300	0.039100	0.005100
2.235	-0.200	0.044900	0.005200
2.235	-0.100	0.041000	0.004600
2.235	0.000	0.046400	0.004600
2.235	0.100	0.055600	0.005000
2.235	0.200	0.078900	0.005900
2.235	0.300	0.097600	0.006600
2.245	0.375	0.116500	0.010400
2.245	0.425	0.139600	0.011800
2.245	0.475	0.161600	0.012800
2.245	0.525	0.216800	0.017000
2.245	0.575	0.218700	0.016700
2.245	0.625	0.283400	0.021800
2.245	0.675	0.308500	0.024600
2.245	0.725	0.376000	0.031100
2.245	0.775	0.436900	0.036000
2.245	0.825	0.528500	0.040900
2.245	0.875	0.744600	0.052300
2.245	0.925	0.731000	0.204900
2.245	-0.800	0.019400	0.006400
2.245	-0.700	0.021400	0.005200
2.245	-0.600	0.037600	0.006300
2.245	-0.500	0.038600	0.006100
2.245	-0.400	0.036200	0.005200
2.245	-0.300	0.035100	0.004800
2.245	-0.200	0.041900	0.005100
2.245	-0.100	0.040200	0.004400
2.245	0.000	0.050200	0.005100
2.245	0.100	0.059300	0.005000
2.245	0.200	0.073900	0.005800
2.245	0.300	0.102600	0.006700
2.255	0.375	0.141600	0.011600
2.255	0.425	0.174100	0.013500
2.255	0.475	0.197600	0.014700
2.255	0.525	0.205000	0.015200
2.255	0.575	0.256800	0.018900
2.255	0.625	0.293700	0.021700
2.255	0.675	0.331000	0.027100
2.255	0.725	0.409100	0.035000
2.255	0.775	0.483400	0.038200
2.255	0.825	0.546300	0.041600
2.255	0.875	0.760100	0.054900
2.255	0.925	0.842100	0.125000
2.255	-0.800	0.032900	0.008500
2.255	-0.700	0.043700	0.007100
2.255	-0.600	0.047700	0.006500
2.255	-0.500	0.042200	0.005800
2.255	-0.400	0.049500	0.006000
2.255	-0.300	0.045600	0.005100
2.255	-0.200	0.047300	0.005100
2.255	-0.100	0.047600	0.004600
2.255	0.000	0.053300	0.004800
2.255	0.100	0.060300	0.004900
2.255	0.200	0.083900	0.006100
2.255	0.300	0.116100	0.007300
2.265	0.375	0.145200	0.011800
2.265	0.425	0.160500	0.013300
2.265	0.475	0.178000	0.014000
2.265	0.525	0.211100	0.016400
2.265	0.575	0.260400	0.019700
2.265	0.625	0.313700	0.024500
2.265	0.675	0.414600	0.030800
2.265	0.725	0.393300	0.031000
2.265	0.775	0.498500	0.035500
2.265	0.825	0.541400	0.039600
2.265	0.875	0.715200	0.053000
2.265	0.925	0.625600	0.128400
2.265	-0.800	0.026800	0.007200
2.265	-0.700	0.035700	0.006400
2.265	-0.600	0.044100	0.006500
2.265	-0.500	0.044300	0.006100
2.265	-0.400	0.042900	0.005600
2.265	-0.300	0.043200	0.005100
2.265	-0.200	0.049200	0.005200
2.265	-0.100	0.046200	0.004600
2.265	0.000	0.045500	0.004500
2.265	0.100	0.066900	0.005400
2.265	0.200	0.077800	0.005700
2.265	0.300	0.112800	0.007000
2.275	0.375	0.125100	0.010700
2.275	0.425	0.148100	0.012100
2.275	0.475	0.169100	0.013700
2.275	0.525	0.222700	0.016700
2.275	0.575	0.279300	0.020300
2.275	0.625	0.271900	0.020300
2.275	0.675	0.354500	0.027400
2.275	0.725	0.409700	0.029900
2.275	0.775	0.491700	0.035000
2.275	0.825	0.535300	0.039900
2.275	0.875	0.717400	0.049500
2.275	0.925	0.997000	0.193700
2.275	-0.800	0.039900	0.009400
2.275	-0.700	0.043300	0.007100
2.275	-0.600	0.047000	0.006400
2.275	-0.500	0.050700	0.006300
2.275	-0.400	0.051600	0.006000
2.275	-0.300	0.044600	0.005300
2.275	-0.200	0.038800	0.004600
2.275	-0.100	0.043800	0.004800
2.275	0.000	0.049000	0.004800
2.275	0.100	0.055900	0.004600
2.275	0.200	0.068600	0.005200
2.275	0.300	0.106000	0.006700
2.285	0.375	0.120900	0.010100
2.285	0.425	0.135100	0.011100
2.285	0.475	0.171600	0.013100
2.285	0.525	0.180700	0.014300
2.285	0.575	0.242200	0.018400
2.285	0.625	0.278600	0.021800
2.285	0.675	0.329100	0.026000
2.285	0.725	0.339900	0.027600
2.285	0.775	0.467400	0.035200
2.285	0.825	0.495100	0.037700
2.285	0.875	0.652200	0.051200
2.285	0.925	0.646000	0.109700
2.285	-0.800	0.038600	0.008100
2.285	-0.700	0.039800	0.006000
2.285	-0.600	0.047500	0.006400
2.285	-0.500	0.043100	0.005700
2.285	-0.400	0.055000	0.006000
2.285	-0.300	0.047200	0.004900
2.285	-0.200	0.035500	0.004000
2.285	-0.100	0.036100	0.004000
2.285	0.000	0.044600	0.004200
2.285	0.100	0.054800	0.004500
2.285	0.200	0.069400	0.005100
2.285	0.300	0.096500	0.006100
2.295	0.375	0.127100	0.010500
2.295	0.425	0.146100	0.011700
2.295	0.475	0.175800	0.013900
2.295	0.525	0.188300	0.014100
2.295	0.575	0.205400	0.016900
2.295	0.625	0.296000	0.023000
2.295	0.675	0.346100	0.027200
2.295	0.725	0.385700	0.028300
2.295	0.775	0.458400	0.031800
2.295	0.825	0.535900	0.037900
2.295	0.875	0.711500	0.051100
2.295	0.925	0.560100	0.082100
2.295	-0.800	0.019600	0.005600
2.295	-0.700	0.046800	0.007000
2.295	-0.600	0.038700	0.005600
2.295	-0.500	0.040800	0.005500
2.295	-0.400	0.033700	0.004600
2.295	-0.300	0.038100	0.004600
2.295	-0.200	0.043900	0.004600
2.295	-0.100	0.037600	0.004000
2.295	0.000	0.044700	0.004100
2.295	0.100	0.057600	0.004700
2.295	0.200	0.071100	0.005200
2.295	0.300	0.107800	0.006600
2.305	0.375	0.119400	0.009300
2.305	0.425	0.138800	0.011100
2.305	0.475	0.151300	0.012400
2.305	0.525	0.191200	0.015000
2.305	0.575	0.234900	0.017800
2.305	0.625	0.254100	0.019800
2.305	0.675	0.308600	0.024000
2.305	0.725	0.406800	0.028500
2.305	0.775	0.550800	0.038800
2.305	0.825	0.551900	0.036800
2.305	0.875	0.797800	0.055600
2.305	0.925	0.593800	0.086200
2.305	-0.800	0.023600	0.006800
2.305	-0.700	0.026400	0.004800
2.305	-0.600	0.032100	0.005000
2.305	-0.500	0.030000	0.004300
2.305	-0.400	0.028600	0.004100
2.305	-0.300	0.031700	0.004000
2.305	-0.200	0.031700	0.003700
2.305	-0.100	0.037100	0.004000
2.305	0.000	0.040100	0.003900
2.305	0.100	0.045900	0.003900
2.305	0.200	0.070100	0.005100
2.305	0.300	0.096700	0.005900
2.315	0.375	0.098400	0.008800
2.315	0.425	0.116600	0.010100
2.315	0.475	0.140500	0.012000
2.315	0.525	0.177700	0.014100
2.315	0.575	0.201600	0.016300
2.315	0.625	0.235000	0.018600
2.315	0.675	0.310200	0.023300
2.315	0.725	0.384400	0.029200
2.315	0.775	0.445600	0.032600
2.315	0.825	0.495300	0.035300
2.315	0.875	0.695200	0.049600
2.315	0.925	0.533300	0.057400
2.315	-0.800	0.033100	0.007400
2.315	-0.700	0.026700	0.005000
2.315	-0.600	0.031400	0.004800
2.315	-0.500	0.040900	0.005300
2.315	-0.400	0.036000	0.004600
2.315	-0.300	0.033800	0.004000
2.315	-0.200	0.033000	0.003900
2.315	-0.100	0.027800	0.003400
2.315	0.000	0.033700	0.003500
2.315	0.100	0.040800	0.003700
2.315	0.200	0.059500	0.004600
2.315	0.300	0.079600	0.005400
2.325	0.375	0.103600	0.009000
2.325	0.425	0.150200	0.011500
2.325	0.475	0.153900	0.012000
2.325	0.525	0.206000	0.015200
2.325	0.575	0.221500	0.017800
2.325	0.625	0.270700	0.021800
2.325	0.675	0.321900	0.024000
2.325	0.725	0.415800	0.028900
2.325	0.775	0.479300	0.033100
2.325	0.825	0.562100	0.039100
2.325	0.875	0.747700	0.052700
2.325	0.925	0.599000	0.200900
2.325	-0.800	0.023600	0.006300
2.325	-0.700	0.030400	0.005300
2.325	-0.600	0.033100	0.004900
2.325	-0.500	0.028600	0.004300
2.325	-0.400	0.043800	0.005200
2.325	-0.300	0.030500	0.003800
2.325	-0.200	0.023200	0.003200
2.325	-0.100	0.027300	0.003200
2.325	0.000	0.035100	0.003600
2.325	0.100	0.040900	0.003800
2.325	0.200	0.062500	0.004800
2.325	0.300	0.084100	0.005600
2.335	0.375	0.113300	0.009900
2.335	0.425	0.139400	0.011300
2.335	0.475	0.165200	0.013000
2.335	0.525	0.191300	0.014600
2.335	0.575	0.223800	0.018100
2.335	0.625	0.233900	0.018900
2.335	0.675	0.351900	0.025700
2.335	0.725	0.381900	0.026900
2.335	0.775	0.523700	0.036000
2.335	0.825	0.607500	0.040400
2.335	0.875	0.750100	0.055700
2.335	0.925	0.737700	0.115800
2.335	-0.800	0.041000	0.017300
2.335	-0.700	0.025900	0.005300
2.335	-0.600	0.028800	0.004600
2.335	-0.500	0.037700	0.005200
2.335	-0.400	0.031500	0.004400
2.335	-0.300	0.026100	0.003500
2.335	-0.200	0.030100	0.003700
2.335	-0.100	0.030000	0.003600
2.335	0.000	0.033100	0.003500
2.335	0.100	0.042800	0.003800
2.335	0.200	0.057300	0.004600
2.335	0.300	0.083600	0.005600
2.345	0.375	0.104300	0.009300
2.345	0.425	0.122900	0.010800
2.345	0.475	0.154600	0.012700
2.345	0.525	0.184400	0.014900
2.345	0.575	0.224400	0.018400
2.345	0.625	0.267800	0.022600
2.345	0.675	0.306200	0.023600
2.345	0.725	0.365300	0.026800
2.345	0.775	0.486200	0.034600
2.345	0.825	0.621300	0.043900
2.345	0.875	0.730800	0.052200
2.345	0.925	0.746700	0.110100
2.345	-0.800	0.037000	0.008300
2.345	-0.700	0.027900	0.005200
2.345	-0.600	0.022400	0.004100
2.345	-0.500	0.024700	0.003900
2.345	-0.400	0.024800	0.003800
2.345	-0.300	0.023300	0.003200
2.345	-0.200	0.027600	0.003500
2.345	-0.100	0.029100	0.003400
2.345	0.000	0.036400	0.003900
2.345	0.100	0.040400	0.003800
2.345	0.200	0.065900	0.005100
2.345	0.300	0.084500	0.005700
2.355	0.375	0.107500	0.009500
2.355	0.425	0.132200	0.010700
2.355	0.475	0.179600	0.013500
2.355	0.525	0.178400	0.014400
2.355	0.575	0.237600	0.019600
2.355	0.625	0.301800	0.022800
2.355	0.675	0.345300	0.024400
2.355	0.725	0.428500	0.030800
2.355	0.775	0.476700	0.035400
2.355	0.825	0.641800	0.046000
2.355	0.875	0.834000	0.060000
2.355	0.925	0.939600	0.155500
2.355	-0.800	0.028400	0.006800
2.355	-0.700	0.032000	0.005400
2.355	-0.600	0.025300	0.004100
2.355	-0.500	0.024300	0.003800
2.355	-0.400	0.024900	0.003700
2.355	-0.300	0.031400	0.003900
2.355	-0.200	0.024400	0.003100
2.355	-0.100	0.029200	0.003400
2.355	0.000	0.036200	0.003600
2.355	0.100	0.042600	0.003700
2.355	0.200	0.065400	0.005100
2.355	0.300	0.088600	0.005800
2.365	0.375	0.112500	0.010200
2.365	0.425	0.129900	0.011200
2.365	0.475	0.160400	0.013200
2.365	0.525	0.203200	0.016000
2.365	0.575	0.216000	0.017400
2.365	0.625	0.294500	0.021700
2.365	0.675	0.355900	0.025900
2.365	0.725	0.502700	0.034000
2.365	0.775	0.566700	0.038900
2.365	0.825	0.695800	0.051200
2.365	0.875	0.940500	0.070800
2.365	0.925	0.870800	0.115900
2.365	-0.800	0.019300	0.005700
2.365	-0.700	0.018900	0.004300
2.365	-0.600	0.025000	0.004200
2.365	-0.500	0.028800	0.004600
2.365	-0.400	0.026800	0.004000
2.365	-0.300	0.024100	0.003500
2.365	-0.200	0.021300	0.003000
2.365	-0.100	0.026900	0.003300
2.365	0.000	0.035000	0.003700
2.365	0.100	0.047000	0.004000
2.365	0.200	0.061100	0.005200
2.365	0.300	0.089500	0.006100
2.375	0.375	0.107200	0.009700
2.375	0.425	0.133200	0.010800
2.375	0.475	0.175800	0.013300
2.375	0.525	0.178800	0.013700
2.375	0.575	0.225400	0.017500
2.375	0.625	0.277300	0.020200
2.375	0.675	0.357900	0.026200
2.375	0.725	0.412900	0.030700
2.375	0.775	0.504600	0.037500
2.375	0.825	0.629300	0.046200
2.375	0.875	0.717700	0.052700
2.375	0.925	0.796400	0.087800
2.375	-0.800	0.016600	0.005000
2.375	-0.700	0.017400	0.003900
2.375	-0.600	0.025000	0.004100
2.375	-0.500	0.022900	0.003800
2.375	-0.400	0.022800	0.003600
2.375	-0.300	0.025700	0.003500
2.375	-0.200	0.023000	0.003000
2.375	-0.100	0.025700	0.003100
2.375	0.000	0.031900	0.003400
2.375	0.100	0.036900	0.003400
2.375	0.200	0.060200	0.004700
2.375	0.300	0.088400	0.005700
2.385	0.375	0.102700	0.009200
2.385	0.425	0.124000	0.010600
2.385	0.475	0.138900	0.012000
2.385	0.525	0.160100	0.014000
2.385	0.575	0.208300	0.017300
2.385	0.625	0.226200	0.018400
2.385	0.675	0.302900	0.023300
2.385	0.725	0.370000	0.028900
2.385	0.775	0.435700	0.035700
2.385	0.825	0.595200	0.044600
2.385	0.875	0.701600	0.052900
2.385	0.925	0.929900	0.098900
2.385	-0.800	0.014100	0.006800
2.385	-0.700	0.020700	0.004600
2.385	-0.600	0.020800	0.003900
2.385	-0.500	0.022900	0.004000
2.385	-0.400	0.014600	0.002800
2.385	-0.300	0.024100	0.003200
2.385	-0.200	0.024300	0.003100
2.385	-0.100	0.024400	0.003100
2.385	0.000	0.030000	0.003200
2.385	0.100	0.037700	0.003600
2.385	0.200	0.050900	0.004200
2.385	0.300	0.076300	0.005300
2.395	0.375	0.091800	0.008700
2.395	0.425	0.113900	0.010400
2.395	0.475	0.143800	0.013100
2.395	0.525	0.162600	0.014600
2.395	0.575	0.207700	0.017600
2.395	0.625	0.237800	0.019000
2.395	0.675	0.325900	0.025300
2.395	0.725	0.404400	0.028800
2.395	0.775	0.491900	0.036200
2.395	0.825	0.619300	0.044400
2.395	0.875	0.814000	0.056600
2.395	0.925	0.930900	0.191200
2.395	-0.800	0.016300	0.011100
2.395	-0.700	0.011300	0.003400
2.395	-0.600	0.016000	0.003600
2.395	-0.500	0.013300	0.003100
2.395	-0.400	0.015200	0.003100
2.395	-0.300	0.018300	0.003000
2.395	-0.200	0.024800	0.003400
2.395	-0.100	0.027500	0.003300
2.395	0.000	0.032000	0.003400
2.395	0.100	0.041700	0.003700
2.395	0.200	0.049500	0.004300
2.395	0.300	0.072700	0.005300
2.405	0.375	0.094300	0.009300
2.405	0.425	0.110700	0.010500
2.405	0.475	0.136300	0.012700
2.405	0.525	0.155800	0.014900
2.405	0.575	0.203700	0.018700
2.405	0.625	0.269800	0.022100
2.405	0.675	0.268400	0.022900
2.405	0.725	0.422800	0.031400
2.405	0.775	0.481800	0.037000
2.405	0.825	0.631300	0.046400
2.405	0.875	0.893000	0.062000
2.405	0.925	0.772900	0.085700
2.405	-0.800	0.012700	0.005200
2.405	-0.700	0.015700	0.004200
2.405	-0.600	0.020000	0.004000
2.405	-0.500	0.019900	0.003900
2.405	-0.400	0.016600	0.003300
2.405	-0.300	0.017900	0.003000
2.405	-0.200	0.019600	0.003100
2.405	-0.100	0.025900	0.003300
2.405	0.000	0.021800	0.002900
2.405	0.100	0.036800	0.003700
2.405	0.200	0.056400	0.004800
2.405	0.300	0.081400	0.005800
2.415	0.375	0.102800	0.009400
2.415	0.425	0.116700	0.009900
2.415	0.475	0.136400	0.011300
2.415	0.525	0.149400	0.013800
2.415	0.575	0.191400	0.016900
2.415	0.625	0.260800	0.020200
2.415	0.675	0.298200	0.023600
2.415	0.725	0.359700	0.030200
2.415	0.775	0.484400	0.036700
2.415	0.825	0.625500	0.043700
2.415	0.875	0.831600	0.054700
2.415	0.925	0.814600	0.088600
2.415	-0.800	0.014300	0.009000
2.415	-0.700	0.011000	0.003400
2.415	-0.600	0.015900	0.003400
2.415	-0.500	0.017700	0.003600
2.415	-0.400	0.018400	0.003300
2.415	-0.300	0.020200	0.003300
2.415	-0.200	0.016300	0.002600
2.415	-0.100	0.027000	0.003300
2.415	0.000	0.035300	0.003600
2.415	0.100	0.037000	0.003500
2.415	0.200	0.061400	0.004900
2.415	0.300	0.077700	0.005600
2.425	0.375	0.095300	0.008900
2.425	0.425	0.123400	0.010700
2.425	0.475	0.148400	0.012200
2.425	0.525	0.174000	0.015100
2.425	0.575	0.217500	0.017500
2.425	0.625	0.278900	0.021700
2.425	0.675	0.295200	0.022500
2.425	0.725	0.397400	0.029700
2.425	0.775	0.478000	0.037000
2.425	0.825	0.612400	0.042700
2.425	0.875	0.908900	0.058300
2.425	0.925	0.990000	0.146600
2.425	-0.800	0.012200	0.004400
2.425	-0.700	0.010400	0.003100
2.425	-0.600	0.016200	0.003200
2.425	-0.500	0.016000	0.003100
2.425	-0.400	0.019800	0.003500
2.425	-0.300	0.020900	0.003000
2.425	-0.200	0.028000	0.003400
2.425	-0.100	0.025300	0.003000
2.425	0.000	0.026200	0.002900
2.425	0.100	0.033300	0.003100
2.425	0.200	0.056800	0.004400
2.425	0.300	0.084700	0.005500
2.435	0.375	0.094900	0.009000
2.435	0.425	0.120700	0.010400
2.435	0.475	0.129100	0.011300
2.435	0.525	0.159800	0.014400
2.435	0.575	0.210400	0.017800
2.435	0.625	0.230200	0.019100
2.435	0.675	0.280900	0.022800
2.435	0.725	0.326400	0.027600
2.435	0.775	0.509200	0.038300
2.435	0.825	0.669800	0.046500
2.435	0.875	0.836600	0.054500
2.435	0.925	0.892000	0.096500
2.435	-0.800	0.013900	0.005000
2.435	-0.700	0.013400	0.003700
2.435	-0.600	0.012000	0.002800
2.435	-0.500	0.016200	0.003300
2.435	-0.400	0.015800	0.003000
2.435	-0.300	0.021000	0.003100
2.435	-0.200	0.021000	0.002900
2.435	-0.100	0.023700	0.002900
2.435	0.000	0.028200	0.003000
2.435	0.100	0.035000	0.003300
2.435	0.200	0.055900	0.004400
2.435	0.300	0.076800	0.005400
2.445	0.375	0.096400	0.008800
2.445	0.425	0.121600	0.010500
2.445	0.475	0.130400	0.013600
2.445	0.525	0.153100	0.014100
2.445	0.575	0.202500	0.016900
2.445	0.625	0.232900	0.019000
2.445	0.675	0.273300	0.022800
2.445	0.725	0.371900	0.028700
2.445	0.775	0.499800	0.037600
2.445	0.825	0.686900	0.048400
2.445	0.875	1.049700	0.064400
2.445	0.925	1.118100	0.109100
2.445	-0.800	0.013300	0.004900
2.445	-0.700	0.008500	0.002500
2.445	-0.600	0.009400	0.002300
2.445	-0.500	0.011500	0.002600
2.445	-0.400	0.014800	0.002900
2.445	-0.300	0.017900	0.002800
2.445	-0.200	0.018900	0.002700
2.445	-0.100	0.023500	0.002900
2.445	0.000	0.029700	0.003100
2.445	0.100	0.041600	0.003600
2.445	0.200	0.054900	0.004500
2.445	0.300	0.074100	0.005300
2.455	0.375	0.089600	0.008400
2.455	0.425	0.119800	0.010000
2.455	0.475	0.126800	0.011300
2.455	0.525	0.153300	0.013200
2.455	0.575	0.185300	0.016300
2.455	0.625	0.228100	0.018400
2.455	0.675	0.251800	0.020400
2.455	0.725	0.377400	0.029600
2.455	0.775	0.470800	0.035900
2.455	0.825	0.686100	0.046400
2.455	0.875	0.814300	0.049800
2.455	0.925	1.040500	0.104700
2.455	-0.800	0.010600	0.006200
2.455	-0.700	0.012000	0.003000
2.455	-0.600	0.010200	0.002400
2.455	-0.500	0.011500	0.002400
2.455	-0.400	0.011800	0.002500
2.455	-0.300	0.016700	0.002600
2.455	-0.200	0.016300	0.002500
2.455	-0.100	0.016200	0.002600
2.455	0.000	0.022200	0.002600
2.455	0.100	0.035000	0.003200
2.455	0.200	0.053900	0.004200
2.455	0.300	0.075700	0.005100
2.465	0.375	0.090500	0.008900
2.465	0.425	0.105200	0.009900
2.465	0.475	0.130200	0.012100
2.465	0.525	0.133300	0.014200
2.465	0.575	0.205000	0.017600
2.465	0.625	0.234300	0.019000
2.465	0.675	0.304700	0.024900
2.465	0.725	0.380800	0.029400
2.465	0.775	0.495600	0.037000
2.465	0.825	0.733200	0.047100
2.465	0.875	0.940500	0.059000
2.465	0.925	1.075400	0.098100
2.465	-0.800	0.012400	0.005000
2.465	-0.700	0.010400	0.003300
2.465	-0.600	0.010700	0.002700
2.465	-0.500	0.012300	0.002800
2.465	-0.400	0.013900	0.003000
2.465	-0.300	0.014800	0.002800
2.465	-0.200	0.018600	0.002900
2.465	-0.100	0.021500	0.002900
2.465	0.000	0.027500	0.003200
2.465	0.100	0.035400	0.003600
2.465	0.200	0.055400	0.004700
2.465	0.300	0.075200	0.005700
2.475	0.375	0.080100	0.007900
2.475	0.425	0.112200	0.010500
2.475	0.475	0.114200	0.011700
2.475	0.525	0.152100	0.014100
2.475	0.575	0.212700	0.017200
2.475	0.625	0.265800	0.020800
2.475	0.675	0.291000	0.024200
2.475	0.725	0.439400	0.032800
2.475	0.775	0.576200	0.042300
2.475	0.825	0.734100	0.050500
2.475	0.875	0.992700	0.064000
2.475	0.925	1.478500	0.151100
2.475	-0.800	0.013900	0.005200
2.475	-0.700	0.011600	0.003200
2.475	-0.600	0.011300	0.002800
2.475	-0.500	0.008300	0.002300
2.475	-0.400	0.014100	0.002900
2.475	-0.300	0.014400	0.002600
2.475	-0.200	0.017200	0.002700
2.475	-0.100	0.021700	0.002800
2.475	0.000	0.022700	0.002800
2.475	0.100	0.036700	0.003500
2.475	0.200	0.052500	0.004500
2.475	0.300	0.077200	0.005500
2.485	0.375	0.085800	0.008000
2.485	0.425	0.108300	0.009800
2.485	0.475	0.122500	0.011300
2.485	0.525	0.166100	0.014300
2.485	0.575	0.191100	0.016000
2.485	0.625	0.240800	0.019000
2.485	0.675	0.331400	0.026100
2.485	0.725	0.363200	0.028200
2.485	0.775	0.527400	0.037700
2.485	0.825	0.636600	0.041500
2.485	0.875	1.013700	0.060800
2.485	0.925	1.279000	0.111800
2.485	-0.800	0.009000	0.005400
2.485	-0.700	0.008500	0.002800
2.485	-0.600	0.006500	0.002000
2.485	-0.500	0.008700	0.002100
2.485	-0.400	0.010800	0.002400
2.485	-0.300	0.011700	0.002300
2.485	-0.200	0.017300	0.002600
2.485	-0.100	0.019000	0.002700
2.485	0.000	0.023600	0.002700
2.485	0.100	0.033300	0.003200
2.485	0.200	0.052700	0.004200
2.485	0.300	0.069600	0.004900
2.495	0.375	0.086000	0.008600
2.495	0.425	0.099000	0.009000
2.495	0.475	0.108200	0.010300
2.495	0.525	0.149300	0.013200
2.495	0.575	0.186200	0.016100
2.495	0.625	0.221900	0.018200
2.495	0.675	0.303100	0.023800
2.495	0.725	0.389800	0.031300
2.495	0.775	0.536500	0.039300
2.495	0.825	0.678100	0.045400
2.495	0.875	0.924000	0.057600
2.495	0.925	1.067400	0.095400
2.495	-0.800	0.010200	0.004600
2.495	-0.700	0.004500	0.002300
2.495	-0.600	0.007700	0.002300
2.495	-0.500	0.006500	0.001800
2.495	-0.400	0.009300	0.002300
2.495	-0.300	0.006700	0.001700
2.495	-0.200	0.012500	0.002300
2.495	-0.100	0.013300	0.002100
2.495	0.000	0.016300	0.002300
2.495	0.100	0.021300	0.002500
2.495	0.200	0.041600	0.003800
2.495	0.300	0.063000	0.004700
2.505	0.375	0.078400	0.007700
2.505	0.425	0.088400	0.008700
2.505	0.475	0.105600	0.010100
2.505	0.525	0.121100	0.012700
2.505	0.575	0.197200	0.016600
2.505	0.625	0.224200	0.018000
2.505	0.675	0.275200	0.021700
2.505	0.725	0.411600	0.032400
2.505	0.775	0.571600	0.040700
2.505	0.825	0.755000	0.049400
2.505	0.875	0.984100	0.057700
2.505	0.925	1.150700	0.087600
2.505	-0.800	0.005800	0.003100
2.505	-0.700	0.005600	0.002100
2.505	-0.600	0.005300	0.001900
2.505	-0.500	0.006300	0.001900
2.505	-0.400	0.011800	0.002500
2.505	-0.300	0.012100	0.002200
2.505	-0.200	0.016900	0.002600
2.505	-0.100	0.017700	0.002500
2.505	0.000	0.022500	0.002700
2.505	0.100	0.029100	0.003000
2.505	0.200	0.046800	0.004100
2.505	0.300	0.054500	0.004300
2.515	0.375	0.080400	0.008000
2.515	0.425	0.085900	0.008300
2.515	0.475	0.104600	0.010700
2.515	0.525	0.150100	0.013600
2.515	0.575	0.167000	0.014700
2.515	0.625	0.220300	0.018600
2.515	0.675	0.273200	0.021400
2.515	0.725	0.351700	0.030500
2.515	0.775	0.509700	0.038000
2.515	0.825	0.704200	0.046400
2.515	0.875	1.007900	0.063600
2.515	0.925	1.290900	0.096200
2.515	-0.800	0.006900	0.006800
2.515	-0.700	0.006000	0.002100
2.515	-0.600	0.006200	0.001900
2.515	-0.500	0.008400	0.002100
2.515	-0.400	0.007800	0.002000
2.515	-0.300	0.010700	0.002100
2.515	-0.200	0.013300	0.002300
2.515	-0.100	0.011500	0.001900
2.515	0.000	0.016200	0.002300
2.515	0.100	0.026100	0.002900
2.515	0.200	0.037500	0.003700
2.515	0.300	0.054400	0.004400
2.525	0.375	0.073200	0.007800
2.525	0.425	0.080100	0.009200
2.525	0.475	0.113000	0.012000
2.525	0.525	0.145400	0.014500
2.525	0.575	0.181000	0.016100
2.525	0.625	0.245800	0.020800
2.525	0.675	0.312000	0.026600
2.525	0.725	0.399400	0.034000
2.525	0.775	0.613200	0.043900
2.525	0.825	0.774900	0.050200
2.525	0.875	0.983700	0.062400
2.525	0.925	1.278700	0.102900
2.525	-0.800	0.010800	0.005100
2.525	-0.700	0.009700	0.003300
2.525	-0.600	0.006700	0.002200
2.525	-0.500	0.007200	0.002000
2.525	-0.400	0.009200	0.002300
2.525	-0.300	0.014300	0.002600
2.525	-0.200	0.011200	0.002200
2.525	-0.100	0.015000	0.002400
2.525	0.000	0.017800	0.002500
2.525	0.100	0.026400	0.003100
2.525	0.200	0.042700	0.004300
2.525	0.300	0.058100	0.004800
2.535	0.375	0.083900	0.008800
2.535	0.425	0.102000	0.009900
2.535	0.475	0.117400	0.011400
2.535	0.525	0.144300	0.014600
2.535	0.575	0.191600	0.017300
2.535	0.625	0.237100	0.019900
2.535	0.675	0.310700	0.026500
2.535	0.725	0.426800	0.033800
2.535	0.775	0.596100	0.043100
2.535	0.825	0.735700	0.048800
2.535	0.875	1.067400	0.064300
2.535	0.925	1.433600	0.107400
2.535	-0.800	0.005400	0.003100
2.535	-0.700	0.009400	0.002800
2.535	-0.600	0.004600	0.001600
2.535	-0.500	0.003900	0.001400
2.535	-0.400	0.008700	0.002200
2.535	-0.300	0.009300	0.002000
2.535	-0.200	0.012500	0.002200
2.535	-0.100	0.014200	0.002300
2.535	0.000	0.017700	0.002400
2.535	0.100	0.025100	0.002900
2.535	0.200	0.039600	0.003700
2.535	0.300	0.065600	0.005000
2.545	0.375	0.082800	0.008600
2.545	0.425	0.104600	0.010400
2.545	0.475	0.111200	0.012300
2.545	0.525	0.160600	0.016000
2.545	0.575	0.236400	0.018900
2.545	0.625	0.277000	0.021900
2.545	0.675	0.364600	0.027700
2.545	0.725	0.442800	0.032300
2.545	0.775	0.565100	0.038900
2.545	0.825	0.897800	0.053000
2.545	0.875	1.129300	0.067200
2.545	0.925	1.465700	0.104000
2.545	-0.800	0.004000	0.002700
2.545	-0.700	0.005700	0.002300
2.545	-0.600	0.005400	0.001800
2.545	-0.500	0.004400	0.001600
2.545	-0.400	0.008900	0.002100
2.545	-0.300	0.010500	0.002200
2.545	-0.200	0.011600	0.002200
2.545	-0.100	0.012100	0.002100
2.545	0.000	0.016800	0.002300
2.545	0.100	0.027800	0.003000
2.545	0.200	0.040100	0.004000
2.545	0.300	0.063900	0.005000
2.555	0.375	0.090600	0.009100
2.555	0.425	0.086300	0.009300
2.555	0.475	0.100500	0.010400
2.555	0.525	0.177800	0.016500
2.555	0.575	0.214500	0.017200
2.555	0.625	0.267400	0.021500
2.555	0.675	0.338400	0.026100
2.555	0.725	0.454900	0.034300
2.555	0.775	0.615900	0.043400
2.555	0.825	0.805500	0.050800
2.555	0.875	1.140000	0.067300
2.555	0.925	1.538100	0.108000
2.555	-0.800	0.005500	0.003400
2.555	-0.700	0.003200	0.001900
2.555	-0.600	0.005200	0.002200
2.555	-0.500	0.004400	0.001600
2.555	-0.400	0.008500	0.002200
2.555	-0.300	0.007400	0.001900
2.555	-0.200	0.009800	0.002000
2.555	-0.100	0.012600	0.002300
2.555	0.000	0.015900	0.002300
2.555	0.100	0.022700	0.002700
2.555	0.200	0.039500	0.004000
2.555	0.300	0.060400	0.005100
2.565	0.375	0.071100	0.007600
2.565	0.425	0.101400	0.009700
2.565	0.475	0.115700	0.011600
2.565	0.525	0.159900	0.015200
2.565	0.575	0.204500	0.016100
2.565	0.625	0.249000	0.019500
2.565	0.675	0.362200	0.027200
2.565	0.725	0.442900	0.032200
2.565	0.775	0.683700	0.047400
2.565	0.825	0.843500	0.053300
2.565	0.875	1.209100	0.068200
2.565	0.925	1.575000	0.108600
2.565	-0.800	0.006500	0.004200
2.565	-0.700	0.004400	0.002100
2.565	-0.600	0.004800	0.001700
2.565	-0.500	0.004100	0.001400
2.565	-0.400	0.006000	0.001700
2.565	-0.300	0.009200	0.002000
2.565	-0.200	0.010400	0.002100
2.565	-0.100	0.012400	0.002000
2.565	0.000	0.014400	0.002100
2.565	0.100	0.023300	0.002800
2.565	0.200	0.037000	0.003700
2.565	0.300	0.053300	0.004400
2.575	0.375	0.071800	0.007800
2.575	0.425	0.080800	0.008600
2.575	0.475	0.119300	0.011500
2.575	0.525	0.150200	0.014800
2.575	0.575	0.178300	0.016300
2.575	0.625	0.241800	0.020300
2.575	0.675	0.313100	0.025700
2.575	0.725	0.432100	0.032100
2.575	0.775	0.633600	0.044500
2.575	0.825	0.739200	0.048700
2.575	0.875	1.083900	0.067100
2.575	0.925	1.203800	0.146700
2.575	-0.800	0.013300	0.005000
2.575	-0.700	0.004200	0.001900
2.575	-0.600	0.005200	0.002000
2.575	-0.500	0.005800	0.001900
2.575	-0.400	0.003600	0.001400
2.575	-0.300	0.006700	0.001600
2.575	-0.200	0.008300	0.001800
2.575	-0.100	0.011600	0.002000
2.575	0.000	0.014500	0.002100
2.575	0.100	0.017400	0.002300
2.575	0.200	0.035200	0.003700
2.575	0.300	0.048900	0.004300
2.585	0.375	0.069100	0.007400
2.585	0.425	0.079200	0.008400
2.585	0.475	0.097700	0.010500
2.585	0.525	0.122300	0.012400
2.585	0.575	0.165600	0.014700
2.585	0.625	0.226400	0.019900
2.585	0.675	0.292500	0.024400
2.585	0.725	0.396300	0.032300
2.585	0.775	0.575600	0.040600
2.585	0.825	0.638400	0.043000
2.585	0.875	1.106600	0.069700
2.585	0.925	1.632900	0.118300
2.585	-0.800	0.006000	0.004100
2.585	-0.700	0.003800	0.002100
2.585	-0.600	0.003100	0.001500
2.585	-0.525	0.002900	0.001500
2.585	-0.400	0.003300	0.001400
2.585	-0.300	0.005100	0.001500
2.585	-0.200	0.007000	0.001700
2.585	-0.100	0.009900	0.001900
2.585	0.000	0.013600	0.002100
2.585	0.100	0.018900	0.002500
2.585	0.200	0.029400	0.003200
2.585	0.300	0.055900	0.004500
2.595	0.375	0.054800	0.007100
2.595	0.425	0.073900	0.009000
2.595	0.475	0.098400	0.010700
2.595	0.525	0.138500	0.013900
2.595	0.575	0.171800	0.015400
2.595	0.625	0.218100	0.018600
2.595	0.675	0.276000	0.023300
2.595	0.725	0.385500	0.030200
2.595	0.775	0.545600	0.040100
2.595	0.825	0.679400	0.046600
2.595	0.875	1.056000	0.064800
2.595	0.925	1.557300	0.370100
2.595	-0.775	0.003300	0.005500
2.595	-0.700	0.003300	0.002100
2.595	-0.600	0.003400	0.001800
2.595	-0.500	0.003200	0.001400
2.595	-0.400	0.002400	0.001300
2.595	-0.300	0.004400	0.001500
2.595	-0.200	0.005100	0.001500
2.595	-0.100	0.007600	0.001700
2.595	0.000	0.010700	0.002000
2.595	0.100	0.013500	0.002100
2.595	0.200	0.028900	0.003500
2.595	0.300	0.042000	0.004100
2.605	0.375	0.048600	0.005200
2.605	0.425	0.069100	0.007200
2.605	0.475	0.081700	0.007600
2.605	0.525	0.109900	0.010400
2.605	0.575	0.147600	0.012600
2.605	0.625	0.207100	0.016100
2.605	0.675	0.239200	0.019600
2.605	0.725	0.372900	0.027700
2.605	0.775	0.474400	0.034300
2.605	0.825	0.638000	0.044500
2.605	0.875	1.025400	0.062700
2.605	0.925	1.635500	0.113500
2.605	-0.800	0.003600	0.002500
2.605	-0.700	0.002300	0.001300
2.605	-0.600	0.002000	0.000900
2.605	-0.500	0.002100	0.000800
2.605	-0.400	0.003800	0.001200
2.605	-0.300	0.004400	0.001000
2.605	-0.200	0.005200	0.001100
2.605	-0.100	0.007400	0.001200
2.605	0.000	0.007400	0.001200
2.605	0.100	0.016500	0.001800
2.605	0.200	0.021200	0.002100
2.605	0.300	0.034700	0.002900
2.615	0.375	0.059500	0.005900
2.615	0.425	0.081800	0.007600
2.615	0.475	0.091700	0.008600
2.615	0.525	0.122700	0.011600
2.615	0.575	0.159400	0.012500
2.615	0.625	0.195900	0.016200
2.615	0.675	0.297500	0.021900
2.615	0.725	0.420800	0.030000
2.615	0.775	0.526900	0.034000
2.615	0.825	0.796700	0.050600
2.615	0.875	1.093400	0.067300
2.615	0.925	1.453000	0.165900
2.615	-0.800	0.008700	0.003300
2.615	-0.700	0.007000	0.002100
2.615	-0.600	0.003900	0.001200
2.615	-0.500	0.003700	0.001100
2.615	-0.400	0.005100	0.001300
2.615	-0.300	0.005100	0.001200
2.615	-0.200	0.006600	0.001200
2.615	-0.100	0.007300	0.001300
2.615	0.000	0.009300	0.001400
2.615	0.100	0.015800	0.001800
2.615	0.200	0.028500	0.002600
2.615	0.300	0.044400	0.003300
2.625	0.375	0.052700	0.006200
2.625	0.425	0.067600	0.007200
2.625	0.475	0.090700	0.009600
2.625	0.525	0.099500	0.010100
2.625	0.575	0.150200	0.013100
2.625	0.625	0.213100	0.017600
2.625	0.675	0.294600	0.023100
2.625	0.725	0.441500	0.031800
2.625	0.775	0.543500	0.037000
2.625	0.825	0.784200	0.048400
2.625	0.875	1.217100	0.078300
2.625	0.925	1.496900	0.144600
2.625	-0.800	0.007900	0.004200
2.625	-0.700	0.004500	0.002000
2.625	-0.600	0.003100	0.001400
2.625	-0.500	0.006400	0.001700
2.625	-0.400	0.003700	0.001300
2.625	-0.300	0.006100	0.001400
2.625	-0.200	0.005500	0.001300
2.625	-0.100	0.007600	0.001500
2.625	0.000	0.007700	0.001400
2.625	0.100	0.011600	0.001700
2.625	0.200	0.021200	0.002500
2.625	0.300	0.035500	0.003400
2.635	0.375	0.054400	0.005900
2.635	0.425	0.072400	0.007600
2.635	0.475	0.068100	0.008300
2.635	0.525	0.119200	0.011800
2.635	0.575	0.165500	0.013600
2.635	0.625	0.202300	0.017000
2.635	0.675	0.290100	0.023800
2.635	0.725	0.410000	0.030600
2.635	0.775	0.521400	0.037300
2.635	0.825	0.714900	0.045300
2.635	0.875	1.016600	0.062400
2.635	0.925	1.586700	0.111500
2.635	-0.825	0.007600	0.006000
2.635	-0.700	0.004400	0.002100
2.635	-0.600	0.005400	0.001900
2.635	-0.500	0.005700	0.001700
2.635	-0.400	0.004500	0.001500
2.635	-0.300	0.006200	0.001600
2.635	-0.200	0.005800	0.001400
2.635	-0.100	0.007100	0.001400
2.635	0.000	0.008100	0.001500
2.635	0.100	0.013600	0.001900
2.635	0.200	0.020700	0.002500
2.635	0.300	0.037600	0.003400
2.645	0.375	0.058400	0.006700
2.645	0.425	0.066500	0.007100
2.645	0.475	0.081800	0.009300
2.645	0.525	0.105800	0.010400
2.645	0.575	0.143000	0.012200
2.645	0.625	0.206100	0.016700
2.645	0.675	0.266200	0.020700
2.645	0.725	0.351600	0.028100
2.645	0.775	0.522800	0.036300
2.645	0.825	0.736000	0.046000
2.645	0.875	1.050500	0.066600
2.645	0.925	1.411800	0.174900
2.645	-0.800	0.008400	0.004800
2.645	-0.700	0.005000	0.001900
2.645	-0.600	0.002600	0.001200
2.645	-0.500	0.004200	0.001400
2.645	-0.400	0.004800	0.001800
2.645	-0.300	0.004400	0.001300
2.645	-0.200	0.003000	0.000900
2.645	-0.100	0.003900	0.001000
2.645	0.000	0.007100	0.001300
2.645	0.100	0.010700	0.001700
2.645	0.200	0.021000	0.002500
2.645	0.300	0.034600	0.003300
2.655	0.375	0.048000	0.005900
2.655	0.425	0.067000	0.007300
2.655	0.475	0.076800	0.008700
2.655	0.525	0.111200	0.012000
2.655	0.575	0.157600	0.013700
2.655	0.625	0.205300	0.017100
2.655	0.675	0.270000	0.021100
2.655	0.725	0.373700	0.029300
2.655	0.775	0.558000	0.038900
2.655	0.825	0.744300	0.048200
2.655	0.875	1.085600	0.069700
2.655	0.925	1.516200	0.154000
2.655	-0.800	0.006400	0.004100
2.655	-0.700	0.004800	0.002100
2.655	-0.600	0.006100	0.002000
2.655	-0.500	0.004300	0.001500
2.655	-0.400	0.002800	0.001100
2.655	-0.300	0.006400	0.001600
2.655	-0.200	0.006300	0.001400
2.655	-0.100	0.005000	0.001200
2.655	0.000	0.009300	0.001700
2.655	0.100	0.011300	0.001800
2.655	0.200	0.017600	0.002500
2.655	0.300	0.025300	0.002800
2.665	0.375	0.049200	0.005700
2.665	0.425	0.063700	0.006800
2.665	0.475	0.070900	0.008200
2.665	0.525	0.107300	0.010700
2.665	0.575	0.142200	0.012200
2.665	0.625	0.181100	0.015100
2.665	0.675	0.228000	0.019800
2.665	0.725	0.351500	0.026900
2.665	0.775	0.540000	0.038800
2.665	0.825	0.715300	0.046000
2.665	0.875	0.976700	0.063000
2.665	0.925	1.642100	0.144700
2.665	-0.800	0.006800	0.003600
2.665	-0.700	0.005200	0.002100
2.665	-0.600	0.003800	0.001600
2.665	-0.500	0.004000	0.001200
2.665	-0.400	0.003600	0.001400
2.665	-0.300	0.004000	0.001200
2.665	-0.200	0.004100	0.001100
2.665	-0.100	0.005500	0.001200
2.665	0.000	0.005900	0.001200
2.665	0.100	0.010100	0.001600
2.665	0.200	0.017500	0.002200
2.665	0.300	0.028400	0.002900
2.675	0.375	0.040000	0.005500
2.675	0.425	0.060800	0.007000
2.675	0.475	0.078700	0.008500
2.675	0.525	0.109500	0.011100
2.675	0.575	0.149100	0.012800
2.675	0.625	0.203100	0.016500
2.675	0.675	0.226000	0.020900
2.675	0.725	0.378200	0.029100
2.675	0.775	0.573800	0.037600
2.675	0.825	0.752000	0.048400
2.675	0.875	1.085800	0.072400
2.675	0.925	2.194700	0.299600
2.675	-0.800	0.006500	0.003700
2.675	-0.700	0.006700	0.002400
2.675	-0.625	0.004400	0.001800
2.675	-0.500	0.005200	0.001700
2.675	-0.400	0.002700	0.001100
2.675	-0.300	0.003200	0.001100
2.675	-0.200	0.003900	0.001100
2.675	-0.100	0.003000	0.000900
2.675	0.000	0.004400	0.001000
2.675	0.100	0.007600	0.001400
2.675	0.200	0.014400	0.002100
2.675	0.300	0.027500	0.003000
2.685	0.375	0.054500	0.006700
2.685	0.425	0.057200	0.006700
2.685	0.475	0.076000	0.009300
2.685	0.525	0.105600	0.011300
2.685	0.575	0.156600	0.013700
2.685	0.625	0.170200	0.015600
2.685	0.675	0.250100	0.022300
2.685	0.725	0.358400	0.028900
2.685	0.775	0.531400	0.037800
2.685	0.825	0.780600	0.050300
2.685	0.875	1.036100	0.070700
2.685	0.925	1.727400	0.191700
2.685	-0.800	0.006800	0.003800
2.685	-0.700	0.004900	0.002200
2.685	-0.600	0.004900	0.002100
2.685	-0.525	0.003700	0.001900
2.685	-0.400	0.005900	0.002000
2.685	-0.300	0.004100	0.001400
2.685	-0.200	0.002800	0.001000
2.685	-0.100	0.003100	0.000900
2.685	0.000	0.004100	0.001000
2.685	0.100	0.008400	0.001600
2.685	0.200	0.015100	0.002200
2.685	0.300	0.033100	0.003300
2.695	0.375	0.041000	0.005600
2.695	0.425	0.054200	0.006600
2.695	0.475	0.057800	0.007300
2.695	0.525	0.087900	0.010200
2.695	0.575	0.156900	0.014000
2.695	0.625	0.215100	0.017800
2.695	0.675	0.263800	0.022000
2.695	0.725	0.377000	0.030800
2.695	0.775	0.528300	0.037900
2.695	0.825	0.740300	0.050800
2.695	0.875	1.108800	0.074600
2.695	0.925	1.712100	0.177300
2.695	-0.800	0.010000	0.005200
2.695	-0.700	0.003000	0.001600
2.695	-0.625	0.003200	0.001700
2.695	-0.500	0.002700	0.001100
2.695	-0.400	0.004000	0.001500
2.695	-0.300	0.003300	0.001100
2.695	-0.200	0.003700	0.001100
2.695	-0.100	0.002500	0.000800
2.695	0.000	0.003500	0.001000
2.695	0.100	0.006000	0.001300
2.695	0.200	0.019400	0.002500
2.695	0.300	0.029300	0.003100
2.705	0.375	0.040700	0.005400
2.705	0.425	0.051900	0.006300
2.705	0.475	0.066200	0.007800
2.705	0.525	0.095000	0.010600
2.705	0.575	0.130500	0.011500
2.705	0.625	0.197300	0.016500
2.705	0.675	0.228800	0.019900
2.705	0.725	0.365400	0.029200
2.705	0.775	0.513700	0.037100
2.705	0.825	0.748500	0.050500
2.705	0.875	1.080700	0.071900
2.705	0.925	1.664600	0.142500
2.705	-0.800	0.013000	0.005700
2.705	-0.700	0.002300	0.001400
2.705	-0.600	0.004200	0.001900
2.705	-0.500	0.003200	0.001200
2.705	-0.400	0.004800	0.001700
2.705	-0.300	0.002800	0.001100
2.705	-0.200	0.005100	0.001300
2.705	-0.100	0.003300	0.000900
2.705	0.000	0.004200	0.001000
2.705	0.100	0.008700	0.001500
2.705	0.200	0.017000	0.002300
2.705	0.300	0.026800	0.002900
2.715	0.375	0.043600	0.005600
2.715	0.425	0.050900	0.006100
2.715	0.475	0.066200	0.007900
2.715	0.525	0.089600	0.009500
2.715	0.575	0.119500	0.010900
2.715	0.625	0.191600	0.016200
2.715	0.675	0.267500	0.022600
2.715	0.725	0.369300	0.029200
2.715	0.775	0.538800	0.037800
2.715	0.825	0.726000	0.045400
2.715	0.875	1.288100	0.080000
2.715	0.925	1.657900	0.165300
2.715	-0.800	0.011000	0.005200
2.715	-0.700	0.008800	0.002700
2.715	-0.600	0.007100	0.002100
2.715	-0.500	0.005800	0.002000
2.715	-0.400	0.003300	0.001200
2.715	-0.300	0.003100	0.001100
2.715	-0.200	0.003800	0.001000
2.715	-0.100	0.003500	0.000900
2.715	0.000	0.004600	0.001100
2.715	0.100	0.008700	0.001500
2.715	0.200	0.015800	0.002200
2.715	0.300	0.025200	0.002700
2.725	0.375	0.031800	0.004600
2.725	0.425	0.048300	0.005800
2.725	0.475	0.057800	0.007200
2.725	0.525	0.102900	0.010800
2.725	0.575	0.141200	0.012400
2.725	0.625	0.191500	0.015500
2.725	0.675	0.214000	0.019000
2.725	0.725	0.392500	0.029300
2.725	0.775	0.558900	0.037600
2.725	0.825	0.710900	0.048800
2.725	0.875	1.173900	0.076200
2.725	0.925	2.193800	0.361200
2.725	-0.800	0.001500	0.002000
2.725	-0.700	0.000900	0.001200
2.725	-0.600	0.001400	0.001000
2.725	-0.500	0.001300	0.000800
2.725	-0.425	0.003200	0.001600
2.725	-0.300	0.004300	0.001300
2.725	-0.200	0.002700	0.000900
2.725	-0.100	0.001900	0.000700
2.725	0.000	0.004600	0.001000
2.725	0.100	0.008100	0.001400
2.725	0.200	0.013300	0.001900
2.725	0.300	0.026800	0.002800
2.735	0.375	0.036300	0.004900
2.735	0.425	0.039400	0.005300
2.735	0.475	0.055700	0.006900
2.735	0.525	0.083300	0.009300
2.735	0.575	0.113200	0.010900
2.735	0.625	0.158300	0.014100
2.735	0.675	0.199400	0.018900
2.735	0.725	0.301000	0.025000
2.735	0.775	0.421600	0.030600
2.735	0.825	0.690300	0.047300
2.735	0.875	0.813400	0.061700
2.735	0.925	1.457600	0.172300
2.735	-0.800	0.011000	0.005600
2.735	-0.700	0.005300	0.002200
2.735	-0.600	0.002900	0.001600
2.735	-0.500	0.003400	0.001700
2.735	-0.425	0.001100	0.000900
2.735	-0.300	0.003000	0.001100
2.735	-0.200	0.002400	0.000900
2.735	-0.125	0.002600	0.000900
2.735	0.000	0.002300	0.000800
2.735	0.100	0.003600	0.000900
2.735	0.200	0.011700	0.001800
2.735	0.300	0.021600	0.002500
2.745	0.375	0.029300	0.004400
2.745	0.425	0.032200	0.004500
2.745	0.475	0.039600	0.005900
2.745	0.525	0.074800	0.008400
2.745	0.575	0.089800	0.009000
2.745	0.625	0.131700	0.012200
2.745	0.675	0.173800	0.016500
2.745	0.725	0.259400	0.022000
2.745	0.775	0.378000	0.028500
2.745	0.825	0.529200	0.037200
2.745	0.875	0.714800	0.050100
2.745	0.925	1.752700	0.246700
2.745	-0.825	0.019200	0.009800
2.745	-0.700	0.005300	0.003000
2.745	-0.600	0.005600	0.001800
2.745	-0.500	0.004100	0.001400
2.745	-0.400	0.001800	0.001000
2.745	-0.325	0.004000	0.001600
2.745	-0.200	0.001500	0.000700
2.745	-0.100	0.001900	0.000600
2.745	0.000	0.002100	0.000700
2.745	0.100	0.004400	0.001000
2.745	0.200	0.008700	0.001500
2.745	0.300	0.015700	0.002100
2.755	0.375	0.031500	0.004400
2.755	0.425	0.038400	0.005200
2.755	0.475	0.054900	0.006800
2.755	0.525	0.062100	0.007700
2.755	0.575	0.092700	0.009600
2.755	0.625	0.163900	0.014600
2.755	0.675	0.218000	0.019700
2.755	0.725	0.356900	0.028000
2.755	0.775	0.479300	0.034400
2.755	0.825	0.682100	0.046700
2.755	0.875	1.025900	0.068200
2.755	0.925	1.295800	0.125800
2.755	-0.800	0.008700	0.004100
2.755	-0.700	0.003400	0.001600
2.755	-0.625	0.003900	0.001800
2.755	-0.500	0.003300	0.001200
2.755	-0.400	0.002400	0.001100
2.755	-0.300	0.003200	0.001100
2.755	-0.200	0.002700	0.000900
2.755	-0.100	0.002000	0.000700
2.755	0.000	0.002900	0.000800
2.755	0.100	0.006400	0.001200
2.755	0.200	0.011700	0.001800
2.755	0.300	0.023200	0.002600
2.765	0.375	0.032300	0.004400
2.765	0.425	0.044500	0.005200
2.765	0.475	0.053400	0.006600
2.765	0.525	0.086300	0.009500
2.765	0.575	0.109600	0.010600
2.765	0.625	0.171100	0.014400
2.765	0.675	0.212400	0.018200
2.765	0.725	0.353800	0.027300
2.765	0.775	0.550500	0.037400
2.765	0.825	0.786500	0.049700
2.765	0.875	1.299800	0.095200
2.765	0.925	1.835600	0.177700
2.765	-0.800	0.013300	0.006100
2.765	-0.700	0.006700	0.002400
2.765	-0.600	0.003500	0.001600
2.765	-0.500	0.003400	0.001100
2.765	-0.425	0.005300	0.001700
2.765	-0.300	0.002300	0.001000
2.765	-0.200	0.002200	0.000900
2.765	-0.100	0.001900	0.000600
2.765	0.000	0.003400	0.000800
2.765	0.100	0.003100	0.000800
2.765	0.200	0.009400	0.001600
2.765	0.300	0.020600	0.002300
2.775	0.375	0.023100	0.003900
2.775	0.425	0.045000	0.005500
2.775	0.475	0.050400	0.006400
2.775	0.525	0.066200	0.007700
2.775	0.575	0.117200	0.010900
2.775	0.625	0.152200	0.013300
2.775	0.675	0.197400	0.017800
2.775	0.725	0.308800	0.024400
2.775	0.775	0.470900	0.034400
2.775	0.825	0.663700	0.046200
2.775	0.875	1.038400	0.076000
2.775	0.925	1.168200	0.111300
2.775	-0.800	0.006600	0.002900
2.775	-0.700	0.005700	0.002300
2.775	-0.600	0.002400	0.001100
2.775	-0.500	0.002700	0.001200
2.775	-0.400	0.002600	0.001100
2.775	-0.300	0.002300	0.000900
2.775	-0.200	0.001400	0.000600
2.775	-0.100	0.001600	0.000600
2.775	0.000	0.002700	0.000700
2.775	0.100	0.004000	0.000900
2.775	0.200	0.007500	0.001400
2.775	0.300	0.015600	0.002100
2.785	0.375	0.028200	0.004400
2.785	0.425	0.028900	0.004400
2.785	0.475	0.049000	0.006300
2.785	0.525	0.063500	0.007600
2.785	0.575	0.113700	0.011300
2.785	0.625	0.151900	0.013900
2.785	0.675	0.194700	0.017500
2.785	0.725	0.337400	0.025100
2.785	0.775	0.461000	0.031600
2.785	0.825	0.711200	0.047100
2.785	0.875	1.023300	0.070300
2.785	0.925	2.052800	0.251200
2.785	-0.800	0.004300	0.002900
2.785	-0.700	0.004100	0.001700
2.785	-0.600	0.002200	0.001400
2.785	-0.525	0.003500	0.001700
2.785	-0.400	0.002500	0.001200
2.785	-0.300	0.002500	0.001100
2.785	-0.200	0.002600	0.000900
2.785	-0.100	0.001300	0.000500
2.785	0.000	0.002000	0.000700
2.785	0.100	0.004000	0.000900
2.785	0.200	0.007300	0.001500
2.785	0.300	0.016800	0.002200
2.795	0.375	0.029200	0.004600
2.795	0.425	0.040300	0.005700
2.795	0.475	0.052600	0.006800
2.795	0.525	0.064900	0.008400
2.795	0.575	0.107200	0.011000
2.795	0.625	0.142300	0.013300
2.795	0.675	0.233900	0.020400
2.795	0.725	0.302600	0.026000
2.795	0.775	0.480800	0.048900
2.795	0.825	0.770700	0.056200
2.795	0.875	0.966200	0.070400
2.795	0.925	1.329900	0.124100
2.795	-0.775	0.002800	0.007000
2.795	-0.700	0.005300	0.002300
2.795	-0.600	0.002900	0.001400
2.795	-0.525	0.004200	0.002000
2.795	-0.400	0.002400	0.001300
2.795	-0.300	0.003100	0.001300
2.795	-0.200	0.001300	0.000700
2.795	-0.100	0.001300	0.000600
2.795	0.000	0.001800	0.000600
2.795	0.100	0.003900	0.001000
2.795	0.200	0.010000	0.001600
2.795	0.300	0.017200	0.002300
2.805	0.375	0.026700	0.004100
2.805	0.425	0.035900	0.004800
2.805	0.475	0.054000	0.006700
2.805	0.525	0.069400	0.008000
2.805	0.575	0.104000	0.010200
2.805	0.625	0.140400	0.013500
2.805	0.675	0.212900	0.018800
2.805	0.725	0.372100	0.028600
2.805	0.775	0.494100	0.034500
2.805	0.825	0.782500	0.050500
2.805	0.875	1.020100	0.072800
2.805	0.925	1.532100	0.144400
2.805	-0.800	0.002800	0.002500
2.805	-0.700	0.002100	0.001300
2.805	-0.600	0.002300	0.001500
2.805	-0.525	0.002300	0.001200
2.805	-0.400	0.001200	0.000900
2.805	-0.300	0.001300	0.000800
2.805	-0.200	0.001500	0.000800
2.805	-0.100	0.002400	0.000700
2.805	0.000	0.001800	0.000600
2.805	0.100	0.002800	0.000800
2.805	0.200	0.009600	0.001600
2.805	0.300	0.019100	0.002300
2.815	0.375	0.021000	0.003700
2.815	0.425	0.037100	0.005100
2.815	0.475	0.040600	0.005600
2.815	0.525	0.068000	0.008200
2.815	0.575	0.109200	0.010900
2.815	0.625	0.151000	0.013000
2.815	0.675	0.239300	0.020100
2.815	0.725	0.299100	0.024400
2.815	0.775	0.460600	0.047300
2.815	0.825	0.741600	0.051500
2.815	0.875	1.118800	0.082700
2.815	0.925	1.785500	0.211200
2.815	-0.800	0.000500	0.001100
2.815	-0.700	0.002400	0.001900
2.815	-0.600	0.001200	0.001000
2.815	-0.500	0.001700	0.001200
2.815	-0.425	0.000700	0.000900
2.815	-0.325	0.001000	0.000800
2.815	-0.225	0.002400	0.000900
2.815	-0.125	0.000800	0.000600
2.815	0.000	0.001900	0.000700
2.815	0.100	0.004500	0.001100
2.815	0.200	0.007300	0.001400
2.815	0.300	0.013500	0.001900
2.825	0.375	0.027700	0.004200
2.825	0.425	0.034000	0.004500
2.825	0.475	0.047600	0.006000
2.825	0.525	0.074300	0.008600
2.825	0.575	0.089100	0.008700
2.825	0.625	0.155400	0.014400
2.825	0.675	0.220800	0.019100
2.825	0.725	0.333900	0.025800
2.825	0.775	0.476800	0.034600
2.825	0.825	0.723700	0.049200
2.825	0.875	1.182500	0.076200
2.825	0.925	1.843600	0.250600
2.825	-0.800	0.004800	0.004100
2.825	-0.700	0.002700	0.001400
2.825	-0.600	0.001500	0.000900
2.825	-0.525	0.002200	0.001100
2.825	-0.400	0.002200	0.001000
2.825	-0.300	0.002800	0.001200
2.825	-0.200	0.001100	0.000600
2.825	-0.100	0.000900	0.000500
2.825	0.000	0.001300	0.000500
2.825	0.100	0.003600	0.000900
2.825	0.200	0.008700	0.001500
2.825	0.300	0.012500	0.001800
2.835	0.375	0.018800	0.003500
2.835	0.425	0.027300	0.004500
2.835	0.475	0.038300	0.005700
2.835	0.525	0.062800	0.007700
2.835	0.575	0.099200	0.009900
2.835	0.625	0.141500	0.013000
2.835	0.675	0.176300	0.016300
2.835	0.725	0.281000	0.023300
2.835	0.775	0.400900	0.030200
2.835	0.825	0.727400	0.054300
2.835	0.875	0.939900	0.070700
2.835	0.925	1.209200	0.133900
2.835	-0.775	0.005500	0.003700
2.835	-0.700	0.007200	0.002700
2.835	-0.625	0.002200	0.001800
2.835	-0.475	0.001800	0.001300
2.835	-0.400	0.001200	0.000900
2.835	-0.300	0.002400	0.001300
2.835	-0.200	0.001500	0.000800
2.835	-0.125	0.000600	0.000400
2.835	0.000	0.001300	0.000600
2.835	0.100	0.003900	0.000900
2.835	0.200	0.006300	0.001300
2.835	0.300	0.012700	0.001900
