1.985	0.375	0.063500	0.011400
1.985	0.425	0.078100	0.012200
1.985	0.475	0.081200	0.013800
1.985	0.525	0.094300	0.014200
1.985	0.575	0.076500	0.012800
1.985	0.625	0.081900	0.013400
1.985	0.675	0.115900	0.018000
1.985	0.725	0.099100	0.020100
1.985	0.775	0.066200	0.023500
1.985	0.825	0.085200	0.054700
1.985	-0.400	0.088500	0.026300
1.985	-0.300	0.087200	0.016500
1.985	-0.200	0.054100	0.010300
1.985	-0.100	0.068700	0.010000
1.985	0.000	0.057500	0.008300
1.985	0.100	0.088000	0.010900
1.985	0.200	0.063000	0.008200
1.985	0.300	0.080000	0.009200
1.995	0.375	0.081000	0.011500
1.995	0.425	0.094700	0.012000
1.995	0.475	0.106400	0.013300
1.995	0.525	0.110000	0.013500
1.995	0.575	0.119400	0.014100
1.995	0.625	0.114900	0.013700
1.995	0.675	0.106500	0.012900
1.995	0.725	0.113800	0.014400
1.995	0.775	0.122700	0.016200
1.995	0.825	0.118400	0.019800
1.995	0.875	0.153200	0.054600
1.995	-0.500	0.047800	0.017800
1.995	-0.400	0.055100	0.011200
1.995	-0.300	0.062200	0.009800
1.995	-0.200	0.053300	0.007800
1.995	-0.100	0.061900	0.009500
1.995	0.000	0.082200	0.009000
1.995	0.100	0.070500	0.008000
1.995	0.200	0.090500	0.009300
1.995	0.300	0.094800	0.008900
2.005	0.375	0.072400	0.009600
2.005	0.425	0.090900	0.010400
2.005	0.475	0.095300	0.010700
2.005	0.525	0.094200	0.011000
2.005	0.575	0.099400	0.011200
2.005	0.625	0.106300	0.011800
2.005	0.675	0.132000	0.013600
2.005	0.725	0.134100	0.014000
2.005	0.775	0.151400	0.016500
2.005	0.825	0.172700	0.018400
2.005	0.875	0.202600	0.027100
2.005	-0.600	0.038100	0.014300
2.005	-0.500	0.037400	0.007000
2.005	-0.400	0.049000	0.007500
2.005	-0.300	0.046500	0.006400
2.005	-0.200	0.053300	0.006800
2.005	-0.100	0.051200	0.006400
2.005	0.000	0.069100	0.007300
2.005	0.100	0.057300	0.006200
2.005	0.200	0.071300	0.007000
2.005	0.300	0.073900	0.006700
2.015	0.375	0.079800	0.011200
2.015	0.425	0.098100	0.011700
2.015	0.475	0.106000	0.011800
2.015	0.525	0.101900	0.011700
2.015	0.575	0.099200	0.011500
2.015	0.625	0.121400	0.013000
2.015	0.675	0.138500	0.013900
2.015	0.725	0.155800	0.016000
2.015	0.775	0.149600	0.015400
2.015	0.825	0.185500	0.017900
2.015	0.875	0.202600	0.020800
2.015	0.925	0.197100	0.066200
2.015	-0.675	0.031600	0.028000
2.015	-0.600	0.039200	0.008800
2.015	-0.500	0.047300	0.008400
2.015	-0.400	0.051000	0.008000
2.015	-0.300	0.055300	0.007700
2.015	-0.200	0.050500	0.006900
2.015	-0.100	0.056100	0.007000
2.015	0.000	0.057400	0.006800
2.015	0.100	0.063100	0.006700
2.015	0.200	0.081400	0.007400
2.015	0.300	0.081100	0.007400
2.025	0.375	0.079800	0.010300
2.025	0.425	0.077200	0.010200
2.025	0.475	0.094000	0.010700
2.025	0.525	0.098200	0.010700
2.025	0.575	0.101800	0.011200
2.025	0.625	0.124500	0.012500
2.025	0.675	0.132400	0.013200
2.025	0.725	0.137000	0.014700
2.025	0.775	0.169600	0.016400
2.025	0.825	0.159800	0.016300
2.025	0.875	0.190500	0.020000
2.025	-0.675	0.065400	0.033100
2.025	-0.600	0.045500	0.009100
2.025	-0.500	0.033800	0.007000
2.025	-0.400	0.046200	0.007800
2.025	-0.300	0.041600	0.006600
2.025	-0.200	0.051500	0.007500
2.025	-0.100	0.048500	0.006500
2.025	0.000	0.055300	0.006900
2.025	0.100	0.051600	0.006300
2.025	0.200	0.059700	0.006800
2.025	0.300	0.069800	0.006800
2.035	0.375	0.088100	0.011100
2.035	0.425	0.087400	0.011200
2.035	0.475	0.113900	0.012500
2.035	0.525	0.106900	0.011900
2.035	0.575	0.117800	0.012900
2.035	0.625	0.123500	0.013100
2.035	0.675	0.124900	0.012900
2.035	0.725	0.151300	0.014600
2.035	0.775	0.193600	0.018000
2.035	0.825	0.252100	0.022300
2.035	0.875	0.219700	0.022000
2.035	0.925	0.272300	0.030900
2.035	-0.700	0.034700	0.015000
2.035	-0.600	0.056400	0.010600
2.035	-0.500	0.047700	0.008600
2.035	-0.400	0.054500	0.008000
2.035	-0.300	0.057500	0.008100
2.035	-0.200	0.057700	0.008400
2.035	-0.100	0.043800	0.006800
2.035	0.000	0.055100	0.007300
2.035	0.100	0.064300	0.008000
2.035	0.200	0.076000	0.008000
2.035	0.300	0.077300	0.008000
2.045	0.375	0.085900	0.012000
2.045	0.425	0.088800	0.011400
2.045	0.475	0.093400	0.011400
2.045	0.525	0.120900	0.014300
2.045	0.575	0.128600	0.014200
2.045	0.625	0.135100	0.015400
2.045	0.675	0.163800	0.016800
2.045	0.725	0.196300	0.019500
2.045	0.775	0.208900	0.021400
2.045	0.825	0.219200	0.022900
2.045	0.875	0.279100	0.030100
2.045	0.925	0.287200	0.032700
2.045	-0.700	0.067700	0.017300
2.045	-0.600	0.046100	0.009900
2.045	-0.500	0.057500	0.010200
2.045	-0.400	0.050800	0.008400
2.045	-0.300	0.062000	0.009300
2.045	-0.200	0.057300	0.008800
2.045	-0.100	0.058200	0.008600
2.045	0.000	0.054200	0.007800
2.045	0.100	0.051200	0.007900
2.045	0.200	0.062700	0.007700
2.045	0.300	0.071300	0.007700
2.055	0.375	0.106700	0.012100
2.055	0.425	0.105100	0.011900
2.055	0.475	0.117400	0.012700
2.055	0.525	0.123100	0.013300
2.055	0.575	0.131900	0.013900
2.055	0.625	0.140300	0.014700
2.055	0.675	0.179000	0.018200
2.055	0.725	0.207400	0.020100
2.055	0.775	0.249600	0.024200
2.055	0.825	0.214700	0.023800
2.055	0.875	0.338500	0.031600
2.055	0.925	0.295400	0.033700
2.055	-0.600	0.056600	0.010500
2.055	-0.500	0.063600	0.010000
2.055	-0.400	0.064200	0.009100
2.055	-0.300	0.059300	0.008800
2.055	-0.200	0.052800	0.008000
2.055	-0.100	0.066200	0.008900
2.055	0.000	0.057000	0.007300
2.055	0.100	0.067200	0.007700
2.055	0.200	0.076400	0.007600
2.055	0.300	0.092800	0.008200
2.065	0.375	0.108600	0.012700
2.065	0.425	0.130200	0.014500
2.065	0.475	0.140000	0.014900
2.065	0.525	0.143100	0.015000
2.065	0.575	0.153600	0.015800
2.065	0.625	0.149200	0.015900
2.065	0.675	0.173300	0.017900
2.065	0.725	0.209900	0.021400
2.065	0.775	0.236700	0.022900
2.065	0.825	0.271500	0.026400
2.065	0.875	0.313000	0.029500
2.065	0.925	0.340400	0.037500
2.065	-0.775	0.032300	0.025700
2.065	-0.700	0.053300	0.011600
2.065	-0.600	0.048400	0.009900
2.065	-0.500	0.048700	0.009000
2.065	-0.400	0.055200	0.008600
2.065	-0.300	0.053600	0.007900
2.065	-0.200	0.053000	0.007600
2.065	-0.100	0.066500	0.008600
2.065	0.000	0.065900	0.008300
2.065	0.100	0.072500	0.008100
2.065	0.200	0.078400	0.007900
2.065	0.300	0.090500	0.008100
2.075	0.375	0.106600	0.012000
2.075	0.425	0.125100	0.013000
2.075	0.475	0.128700	0.013600
2.075	0.525	0.138000	0.019700
2.075	0.575	0.168900	0.017000
2.075	0.625	0.182400	0.017700
2.075	0.675	0.213600	0.019500
2.075	0.725	0.252500	0.022600
2.075	0.775	0.279600	0.023700
2.075	0.825	0.317200	0.027300
2.075	0.875	0.340200	0.029300
2.075	0.925	0.435200	0.040800
2.075	-0.775	0.039000	0.021900
2.075	-0.700	0.059100	0.013300
2.075	-0.600	0.056900	0.010200
2.075	-0.500	0.051800	0.009200
2.075	-0.400	0.051400	0.008400
2.075	-0.300	0.059000	0.008300
2.075	-0.200	0.053100	0.007800
2.075	-0.100	0.052400	0.007200
2.075	0.000	0.063300	0.007600
2.075	0.100	0.069900	0.007800
2.075	0.200	0.083600	0.008300
2.075	0.300	0.095400	0.008500
2.085	0.375	0.127500	0.014200
2.085	0.425	0.146700	0.015300
2.085	0.475	0.156500	0.016600
2.085	0.525	0.167400	0.016600
2.085	0.575	0.202100	0.019200
2.085	0.625	0.224600	0.021400
2.085	0.675	0.245400	0.021500
2.085	0.725	0.271700	0.022600
2.085	0.775	0.309900	0.025100
2.085	0.825	0.359200	0.028800
2.085	0.875	0.364100	0.032700
2.085	0.925	0.571500	0.050400
2.085	-0.775	0.025100	0.016600
2.085	-0.700	0.062500	0.011300
2.085	-0.600	0.067800	0.011000
2.085	-0.500	0.056000	0.009600
2.085	-0.400	0.067300	0.009800
2.085	-0.300	0.060700	0.008700
2.085	-0.200	0.054900	0.008200
2.085	-0.100	0.069200	0.009300
2.085	0.000	0.073300	0.009300
2.085	0.100	0.083500	0.008800
2.085	0.200	0.086000	0.008300
2.085	0.300	0.112200	0.009700
2.095	0.375	0.110600	0.013100
2.095	0.425	0.145300	0.014900
2.095	0.475	0.153000	0.015300
2.095	0.525	0.183700	0.016700
2.095	0.575	0.188300	0.016700
2.095	0.625	0.249100	0.020900
2.095	0.675	0.290400	0.022400
2.095	0.725	0.317800	0.023800
2.095	0.775	0.353100	0.026600
2.095	0.825	0.428300	0.032400
2.095	0.875	0.416500	0.033300
2.095	0.925	0.592600	0.051800
2.095	-0.775	0.049300	0.046400
2.095	-0.700	0.035700	0.007900
2.095	-0.600	0.049500	0.009200
2.095	-0.500	0.076400	0.011600
2.095	-0.400	0.069600	0.009700
2.095	-0.300	0.072300	0.009200
2.095	-0.200	0.062100	0.008000
2.095	-0.100	0.068600	0.008200
2.095	0.000	0.075000	0.008300
2.095	0.100	0.082600	0.008500
2.095	0.200	0.079500	0.007900
2.095	0.300	0.105800	0.009000
2.105	0.375	0.120200	0.013200
2.105	0.425	0.116000	0.012700
2.105	0.475	0.143100	0.015100
2.105	0.525	0.173700	0.016600
2.105	0.575	0.206100	0.018100
2.105	0.625	0.248300	0.019000
2.105	0.675	0.259400	0.020000
2.105	0.725	0.313700	0.024100
2.105	0.775	0.354300	0.026800
2.105	0.825	0.372500	0.030200
2.105	0.875	0.483200	0.039800
2.105	0.925	0.641900	0.055600
2.105	-0.775	0.061700	0.018300
2.105	-0.700	0.051600	0.009100
2.105	-0.600	0.066500	0.009700
2.105	-0.500	0.063400	0.009000
2.105	-0.400	0.067900	0.008800
2.105	-0.300	0.058900	0.007900
2.105	-0.200	0.056900	0.007600
2.105	-0.100	0.063500	0.008000
2.105	0.000	0.066600	0.008100
2.105	0.100	0.071300	0.007800
2.105	0.200	0.081700	0.007800
2.105	0.300	0.101400	0.008600
2.115	0.375	0.126300	0.014000
2.115	0.425	0.126500	0.013700
2.115	0.475	0.162800	0.016600
2.115	0.525	0.175500	0.016900
2.115	0.575	0.220400	0.019000
2.115	0.625	0.237300	0.019700
2.115	0.675	0.252900	0.020700
2.115	0.725	0.312800	0.025200
2.115	0.775	0.353500	0.028600
2.115	0.825	0.415600	0.032700
2.115	0.875	0.498300	0.039000
2.115	0.925	0.701000	0.061000
2.115	-0.775	0.057100	0.020300
2.115	-0.700	0.066800	0.010500
2.115	-0.600	0.064600	0.010100
2.115	-0.500	0.062800	0.010400
2.115	-0.400	0.058200	0.009700
2.115	-0.300	0.072600	0.008900
2.115	-0.200	0.061800	0.008000
2.115	-0.100	0.068400	0.008600
2.115	0.000	0.059300	0.007800
2.115	0.100	0.066200	0.008600
2.115	0.200	0.083100	0.008400
2.115	0.300	0.107700	0.009400
2.125	0.375	0.108400	0.012100
2.125	0.425	0.139900	0.014500
2.125	0.475	0.165500	0.015800
2.125	0.525	0.189000	0.016400
2.125	0.575	0.235900	0.018700
2.125	0.625	0.211200	0.017800
2.125	0.675	0.307300	0.023900
2.125	0.725	0.323100	0.023800
2.125	0.775	0.353300	0.027300
2.125	0.825	0.481700	0.034800
2.125	0.875	0.521500	0.038200
2.125	0.925	0.719900	0.057100
2.125	-0.775	0.040500	0.012600
2.125	-0.700	0.035400	0.007400
2.125	-0.600	0.066500	0.009400
2.125	-0.500	0.049900	0.008000
2.125	-0.400	0.054500	0.007800
2.125	-0.300	0.052300	0.007000
2.125	-0.200	0.055600	0.006800
2.125	-0.100	0.068700	0.007400
2.125	0.000	0.065500	0.007300
2.125	0.100	0.066700	0.007000
2.125	0.200	0.080500	0.007700
2.125	0.300	0.098000	0.008300
2.135	0.375	0.136000	0.013800
2.135	0.425	0.141900	0.013700
2.135	0.475	0.155700	0.014300
2.135	0.525	0.164800	0.014200
2.135	0.575	0.207900	0.016600
2.135	0.625	0.225800	0.018100
2.135	0.675	0.255500	0.020300
2.135	0.725	0.324900	0.024900
2.135	0.775	0.369100	0.027700
2.135	0.825	0.399900	0.030800
2.135	0.875	0.545200	0.039700
2.135	-0.775	0.035500	0.011700
2.135	-0.700	0.041800	0.008100
2.135	-0.600	0.052900	0.008700
2.135	-0.500	0.055000	0.008200
2.135	-0.400	0.067000	0.008700
2.135	-0.300	0.063400	0.007600
2.135	-0.200	0.050500	0.006500
2.135	-0.100	0.067900	0.007200
2.135	0.000	0.072900	0.007700
2.135	0.100	0.074700	0.007400
2.135	0.200	0.085800	0.007400
2.135	0.300	0.114500	0.008400
2.145	0.375	0.108400	0.012400
2.145	0.425	0.147300	0.014900
2.145	0.475	0.161100	0.014900
2.145	0.525	0.166400	0.015700
2.145	0.575	0.212600	0.018100
2.145	0.625	0.283400	0.022300
2.145	0.675	0.307200	0.022600
2.145	0.725	0.352200	0.026300
2.145	0.775	0.428900	0.029700
2.145	0.825	0.569700	0.040400
2.145	0.875	0.576900	0.042800
2.145	0.925	0.856300	0.076500
2.145	-0.800	0.041400	0.012400
2.145	-0.700	0.050000	0.008900
2.145	-0.600	0.034600	0.006700
2.145	-0.500	0.048200	0.008000
2.145	-0.400	0.058300	0.008400
2.145	-0.300	0.055600	0.007900
2.145	-0.200	0.064000	0.007800
2.145	-0.100	0.057300	0.007200
2.145	0.000	0.059400	0.006700
2.145	0.100	0.069000	0.007100
2.145	0.200	0.082000	0.007200
2.145	0.300	0.102000	0.008200
2.155	0.375	0.136200	0.013300
2.155	0.425	0.156800	0.015000
2.155	0.475	0.203700	0.016600
2.155	0.525	0.202500	0.016500
2.155	0.575	0.213200	0.017900
2.155	0.625	0.273800	0.021900
2.155	0.675	0.318200	0.024300
2.155	0.725	0.345200	0.025100
2.155	0.775	0.411700	0.027600
2.155	0.825	0.559400	0.036100
2.155	0.875	0.821800	0.053300
2.155	0.925	0.891900	0.084500
2.155	-0.800	0.028300	0.017200
2.155	-0.700	0.036300	0.007200
2.155	-0.600	0.048500	0.007700
2.155	-0.500	0.063300	0.008700
2.155	-0.400	0.074300	0.008900
2.155	-0.300	0.053900	0.007200
2.155	-0.200	0.052500	0.006800
2.155	-0.100	0.055900	0.006700
2.155	0.000	0.062100	0.006900
2.155	0.100	0.067700	0.006700
2.155	0.200	0.083100	0.007300
2.155	0.300	0.102300	0.008100
2.165	0.375	0.130400	0.013400
2.165	0.425	0.143100	0.012900
2.165	0.475	0.149900	0.013600
2.165	0.525	0.199000	0.015700
2.165	0.575	0.244000	0.017600
2.165	0.625	0.245700	0.029000
2.165	0.675	0.299100	0.019900
2.165	0.725	0.373600	0.024800
2.165	0.775	0.427100	0.026900
2.165	0.825	0.526700	0.033900
2.165	0.875	0.710400	0.046200
2.165	-0.800	0.023400	0.008000
2.165	-0.700	0.030300	0.006700
2.165	-0.600	0.042000	0.007400
2.165	-0.500	0.042900	0.007000
2.165	-0.400	0.040800	0.006100
2.165	-0.300	0.053000	0.006700
2.165	-0.200	0.061300	0.007000
2.165	-0.100	0.070800	0.007300
2.165	0.000	0.066200	0.006500
2.165	0.100	0.073900	0.006500
2.165	0.200	0.079700	0.006300
2.165	0.300	0.103700	0.007500
2.175	0.375	0.110000	0.010700
2.175	0.425	0.120500	0.010900
2.175	0.475	0.155300	0.012400
2.175	0.525	0.189000	0.015000
2.175	0.575	0.208300	0.015900
2.175	0.625	0.239300	0.016700
2.175	0.675	0.285400	0.020000
2.175	0.725	0.320000	0.020700
2.175	0.775	0.426500	0.026700
2.175	0.825	0.528500	0.035400
2.175	0.875	0.722700	0.047300
2.175	-0.800	0.036400	0.009600
2.175	-0.700	0.036600	0.007000
2.175	-0.600	0.040400	0.006600
2.175	-0.500	0.048200	0.006800
2.175	-0.400	0.041000	0.005700
2.175	-0.300	0.053300	0.006500
2.175	-0.200	0.056400	0.006300
2.175	-0.100	0.059300	0.006100
2.175	0.000	0.051600	0.005300
2.175	0.100	0.062700	0.005600
2.175	0.200	0.084200	0.006400
2.175	0.300	0.089700	0.006600
2.185	0.375	0.133600	0.011700
2.185	0.425	0.142300	0.012100
2.185	0.475	0.144900	0.012200
2.185	0.525	0.197200	0.014200
2.185	0.575	0.214300	0.015800
2.185	0.625	0.288900	0.019400
2.185	0.675	0.315400	0.020600
2.185	0.725	0.406100	0.024700
2.185	0.775	0.425100	0.028700
2.185	0.825	0.549700	0.037500
2.185	0.875	0.687500	0.050900
2.185	0.925	1.047200	0.173900
2.185	-0.800	0.023200	0.008200
2.185	-0.700	0.032300	0.006500
2.185	-0.600	0.035200	0.006300
2.185	-0.500	0.048500	0.006800
2.185	-0.400	0.048700	0.006400
2.185	-0.300	0.058200	0.006400
2.185	-0.200	0.055000	0.006100
2.185	-0.100	0.054700	0.005700
2.185	0.000	0.062500	0.005800
2.185	0.100	0.064400	0.005600
2.185	0.200	0.077400	0.005800
2.185	0.300	0.106300	0.007000
2.195	0.375	0.134400	0.012500
2.195	0.425	0.149300	0.013000
2.195	0.475	0.180700	0.015500
2.195	0.525	0.214400	0.017300
2.195	0.575	0.256100	0.018700
2.195	0.625	0.303500	0.021500
2.195	0.675	0.378500	0.026000
2.195	0.725	0.397400	0.026100
2.195	0.775	0.471000	0.032200
2.195	0.825	0.583500	0.042500
2.195	0.875	0.716500	0.055600
2.195	0.925	0.964400	0.145700
2.195	-0.800	0.018700	0.013000
2.195	-0.700	0.036900	0.008300
2.195	-0.600	0.039000	0.007300
2.195	-0.500	0.045600	0.007400
2.195	-0.400	0.048400	0.006800
2.195	-0.300	0.056100	0.006700
2.195	-0.200	0.045000	0.005800
2.195	-0.100	0.053700	0.006000
2.195	0.000	0.056000	0.005800
2.195	0.100	0.066100	0.006100
2.195	0.200	0.090400	0.006700
2.195	0.300	0.109100	0.007900
2.205	0.375	0.158600	0.013100
2.205	0.425	0.181600	0.013900
2.205	0.475	0.192100	0.015700
2.205	0.525	0.221600	0.017300
2.205	0.575	0.273800	0.020500
2.205	0.625	0.309000	0.022000
2.205	0.675	0.352500	0.024200
2.205	0.725	0.432400	0.030400
2.205	0.775	0.505800	0.036400
2.205	0.825	0.614800	0.046300
2.205	0.875	0.698300	0.059300
2.205	0.925	1.007900	0.146400
2.205	-0.800	0.034100	0.011300
2.205	-0.700	0.033600	0.007300
2.205	-0.600	0.046600	0.007100
2.205	-0.500	0.040700	0.006600
2.205	-0.400	0.049900	0.007000
2.205	-0.300	0.061100	0.007200
2.205	-0.200	0.054600	0.006400
2.205	-0.100	0.059900	0.006300
2.205	0.000	0.061600	0.006200
2.205	0.100	0.076200	0.006400
2.205	0.200	0.090100	0.006700
2.205	0.300	0.121900	0.008200
2.215	0.375	0.121100	0.010200
2.215	0.425	0.153700	0.011800
2.215	0.475	0.184100	0.014200
2.215	0.525	0.217600	0.014800
2.215	0.575	0.248600	0.016300
2.215	0.625	0.288600	0.018700
2.215	0.675	0.344400	0.025200
2.215	0.725	0.442400	0.029500
2.215	0.775	0.511600	0.035500
2.215	0.825	0.616100	0.045300
2.215	0.875	0.798700	0.063900
2.215	0.925	1.073900	0.111400
2.215	-0.800	0.020200	0.006500
2.215	-0.700	0.033800	0.006300
2.215	-0.600	0.027800	0.005200
2.215	-0.500	0.037200	0.005800
2.215	-0.400	0.046800	0.005900
2.215	-0.300	0.040600	0.005100
2.215	-0.200	0.043000	0.005000
2.215	-0.100	0.050200	0.005200
2.215	0.000	0.052000	0.004800
2.215	0.100	0.065100	0.005100
2.215	0.200	0.077600	0.005600
2.215	0.300	0.103000	0.006600
2.225	0.375	0.127100	0.010300
2.225	0.425	0.137800	0.011700
2.225	0.475	0.186600	0.013800
2.225	0.525	0.215600	0.015100
2.225	0.575	0.268300	0.018200
2.225	0.625	0.268700	0.018100
2.225	0.675	0.309400	0.021300
2.225	0.725	0.378900	0.027500
2.225	0.775	0.470900	0.034200
2.225	0.825	0.559400	0.044800
2.225	0.875	0.719100	0.053800
2.225	0.925	1.655800	0.482400
2.225	-0.800	0.044600	0.012100
2.225	-0.700	0.037300	0.006800
2.225	-0.600	0.035700	0.005700
2.225	-0.500	0.037100	0.005800
2.225	-0.400	0.034400	0.005100
2.225	-0.300	0.048500	0.005600
2.225	-0.200	0.048900	0.005300
2.225	-0.100	0.051800	0.005000
2.225	0.000	0.050500	0.004700
2.225	0.100	0.063000	0.005000
2.225	0.200	0.076300	0.005600
2.225	0.300	0.110000	0.006900
2.235	0.375	0.136000	0.010600
2.235	0.425	0.149400	0.012000
2.235	0.475	0.174700	0.013200
2.235	0.525	0.217500	0.015100
2.235	0.575	0.255100	0.016400
2.235	0.625	0.282300	0.018900
2.235	0.675	0.393600	0.025800
2.235	0.725	0.409900	0.029000
2.235	0.775	0.478200	0.035400
2.235	0.825	0.575100	0.040800
2.235	0.875	0.766500	0.053600
2.235	0.925	0.878800	0.255600
2.235	-0.800	0.020100	0.006900
2.235	-0.700	0.037000	0.006700
2.235	-0.600	0.039200	0.006000
2.235	-0.500	0.037300	0.005600
2.235	-0.400	0.048000	0.005900
2.235	-0.300	0.043000	0.005200
2.235	-0.200	0.050000	0.005300
2.235	-0.100	0.046300	0.004700
2.235	0.000	0.051200	0.004800
2.235	0.100	0.061100	0.005000
2.235	0.200	0.084900	0.005900
2.235	0.300	0.104900	0.006500
2.245	0.375	0.128500	0.011400
2.245	0.425	0.155200	0.012600
2.245	0.475	0.177000	0.013300
2.245	0.525	0.237300	0.016800
2.245	0.575	0.240200	0.016500
2.245	0.625	0.310500	0.021500
2.245	0.675	0.336100	0.023800
2.245	0.725	0.409500	0.030900
2.245	0.775	0.465300	0.035600
2.245	0.825	0.558700	0.039900
2.245	0.875	0.795800	0.051700
2.245	0.925	0.795800	0.214700
2.245	-0.800	0.021900	0.006900
2.245	-0.700	0.025100	0.005600
2.245	-0.600	0.044100	0.006600
2.245	-0.500	0.043500	0.006300
2.245	-0.400	0.040500	0.005600
2.245	-0.300	0.039000	0.005100
2.245	-0.200	0.048200	0.005700
2.245	-0.100	0.046300	0.004800
2.245	0.000	0.057300	0.005300
2.245	0.100	0.067700	0.005400
2.245	0.200	0.082900	0.005900
2.245	0.300	0.115300	0.007100
2.255	0.375	0.149800	0.011500
2.255	0.425	0.184300	0.013200
2.255	0.475	0.208700	0.014400
2.255	0.525	0.219800	0.015000
2.255	0.575	0.275200	0.018600
2.255	0.625	0.313600	0.022000
2.255	0.675	0.354900	0.026400
2.255	0.725	0.434900	0.033400
2.255	0.775	0.513000	0.036600
2.255	0.825	0.568000	0.041200
2.255	0.875	0.785400	0.054500
2.255	0.925	0.867300	0.118500
2.255	-0.800	0.039500	0.009400
2.255	-0.700	0.049000	0.007600
2.255	-0.600	0.054000	0.006800
2.255	-0.500	0.049000	0.006300
2.255	-0.400	0.056000	0.006500
2.255	-0.300	0.052700	0.005500
2.255	-0.200	0.053900	0.005600
2.255	-0.100	0.053100	0.004900
2.255	0.000	0.059700	0.005100
2.255	0.100	0.065600	0.005100
2.255	0.200	0.089700	0.006100
2.255	0.300	0.123900	0.007300
2.265	0.375	0.151700	0.012000
2.265	0.425	0.168600	0.013100
2.265	0.475	0.187300	0.014300
2.265	0.525	0.222300	0.016200
2.265	0.575	0.273100	0.019400
2.265	0.625	0.329800	0.023100
2.265	0.675	0.431800	0.029700
2.265	0.725	0.411100	0.030400
2.265	0.775	0.514700	0.035000
2.265	0.825	0.555700	0.039400
2.265	0.875	0.728000	0.051600
2.265	0.925	0.633100	0.133300
2.265	-0.800	0.029200	0.007400
2.265	-0.700	0.038200	0.006500
2.265	-0.600	0.047300	0.006600
2.265	-0.500	0.046800	0.006200
2.265	-0.400	0.046000	0.005800
2.265	-0.300	0.045600	0.005100
2.265	-0.200	0.052100	0.005500
2.265	-0.100	0.049200	0.005300
2.265	0.000	0.048500	0.004500
2.265	0.100	0.072000	0.005600
2.265	0.200	0.082000	0.005800
2.265	0.300	0.117600	0.007200
2.275	0.375	0.130100	0.010600
2.275	0.425	0.154900	0.012500
2.275	0.475	0.175000	0.013400
2.275	0.525	0.231800	0.016500
2.275	0.575	0.288500	0.020100
2.275	0.625	0.280800	0.019900
2.275	0.675	0.365700	0.026300
2.275	0.725	0.418600	0.029300
2.275	0.775	0.503200	0.034600
2.275	0.825	0.547000	0.039000
2.275	0.875	0.732700	0.050100
2.275	0.925	1.019300	0.199000
2.275	-0.800	0.044400	0.010200
2.275	-0.700	0.047400	0.007400
2.275	-0.600	0.050700	0.006700
2.275	-0.500	0.053900	0.006500
2.275	-0.400	0.054300	0.006300
2.275	-0.300	0.046700	0.005500
2.275	-0.200	0.041000	0.004800
2.275	-0.100	0.046400	0.005000
2.275	0.000	0.051800	0.005000
2.275	0.100	0.059100	0.004900
2.275	0.200	0.072000	0.005300
2.275	0.300	0.111000	0.006800
2.285	0.375	0.123900	0.010000
2.285	0.425	0.138600	0.010600
2.285	0.475	0.175500	0.012500
2.285	0.525	0.185200	0.014000
2.285	0.575	0.251000	0.018500
2.285	0.625	0.286300	0.021700
2.285	0.675	0.336300	0.025200
2.285	0.725	0.344800	0.025500
2.285	0.775	0.474700	0.033900
2.285	0.825	0.503600	0.036900
2.285	0.875	0.664400	0.051200
2.285	0.925	0.653400	0.108200
2.285	-0.800	0.044000	0.009100
2.285	-0.700	0.044800	0.006600
2.285	-0.600	0.051700	0.006500
2.285	-0.500	0.045900	0.005800
2.285	-0.400	0.058000	0.006100
2.285	-0.300	0.049100	0.005000
2.285	-0.200	0.036600	0.004100
2.285	-0.100	0.037000	0.004100
2.285	0.000	0.045200	0.004300
2.285	0.100	0.055700	0.004500
2.285	0.200	0.071100	0.005200
2.285	0.300	0.099700	0.006100
2.295	0.375	0.129500	0.010500
2.295	0.425	0.147700	0.011900
2.295	0.475	0.181800	0.013700
2.295	0.525	0.192800	0.014300
2.295	0.575	0.212600	0.016700
2.295	0.625	0.305000	0.023300
2.295	0.675	0.353400	0.026200
2.295	0.725	0.396300	0.027300
2.295	0.775	0.467100	0.033000
2.295	0.825	0.540000	0.037000
2.295	0.875	0.724100	0.049600
2.295	0.925	0.570900	0.082900
2.295	-0.800	0.020500	0.006300
2.295	-0.700	0.048000	0.007400
2.295	-0.600	0.040900	0.005800
2.295	-0.500	0.043300	0.005800
2.295	-0.400	0.036200	0.004900
2.295	-0.300	0.041100	0.004800
2.295	-0.200	0.045900	0.004900
2.295	-0.100	0.039400	0.004200
2.295	0.000	0.046100	0.004700
2.295	0.100	0.057300	0.004600
2.295	0.200	0.072100	0.005300
2.295	0.300	0.110500	0.006700
2.305	0.375	0.122400	0.009700
2.305	0.425	0.141600	0.011100
2.305	0.475	0.153600	0.012300
2.305	0.525	0.195000	0.014400
2.305	0.575	0.238800	0.017800
2.305	0.625	0.256400	0.020000
2.305	0.675	0.310900	0.022900
2.305	0.725	0.412500	0.027900
2.305	0.775	0.557100	0.036900
2.305	0.825	0.556500	0.036600
2.305	0.875	0.802900	0.054100
2.305	0.925	0.585400	0.073100
2.305	-0.800	0.028100	0.008400
2.305	-0.700	0.027300	0.005200
2.305	-0.600	0.033000	0.005000
2.305	-0.500	0.030300	0.004500
2.305	-0.400	0.029400	0.004200
2.305	-0.300	0.032900	0.004300
2.305	-0.200	0.031900	0.003800
2.305	-0.100	0.038900	0.004100
2.305	0.000	0.040200	0.003900
2.305	0.100	0.046700	0.004100
2.305	0.200	0.069800	0.005200
2.305	0.300	0.097900	0.006000
2.315	0.375	0.097700	0.009000
2.315	0.425	0.116300	0.010100
2.315	0.475	0.140500	0.011600
2.315	0.525	0.180900	0.014200
2.315	0.575	0.196800	0.015900
2.315	0.625	0.232800	0.018900
2.315	0.675	0.313700	0.022900
2.315	0.725	0.386700	0.028300
2.315	0.775	0.444000	0.033800
2.315	0.825	0.499500	0.035800
2.315	0.875	0.691000	0.049400
2.315	0.925	0.533500	0.056700
2.315	-0.800	0.035900	0.008400
2.315	-0.700	0.026300	0.005300
2.315	-0.600	0.031700	0.005100
2.315	-0.500	0.041800	0.005700
2.315	-0.400	0.039000	0.004900
2.315	-0.300	0.036800	0.004400
2.315	-0.200	0.034900	0.004100
2.315	-0.100	0.028600	0.003500
2.315	0.000	0.033300	0.003500
2.315	0.100	0.039900	0.003800
2.315	0.200	0.060100	0.004700
2.315	0.300	0.080400	0.005700
2.325	0.375	0.108100	0.009700
2.325	0.425	0.153300	0.011700
2.325	0.475	0.155300	0.012100
2.325	0.525	0.208000	0.015600
2.325	0.575	0.227300	0.018500
2.325	0.625	0.275800	0.021800
2.325	0.675	0.325200	0.023700
2.325	0.725	0.415700	0.029100
2.325	0.775	0.490500	0.034100
2.325	0.825	0.569000	0.039600
2.325	0.875	0.753000	0.054600
2.325	0.925	0.626000	0.205000
2.325	-0.800	0.025700	0.007100
2.325	-0.700	0.032400	0.005900
2.325	-0.600	0.031800	0.005000
2.325	-0.500	0.027700	0.004500
2.325	-0.400	0.043100	0.005300
2.325	-0.300	0.029700	0.004000
2.325	-0.200	0.024200	0.003400
2.325	-0.100	0.027600	0.003400
2.325	0.000	0.034300	0.003700
2.325	0.100	0.039600	0.003800
2.325	0.200	0.058000	0.004800
2.325	0.300	0.082500	0.005600
2.335	0.375	0.113300	0.010200
2.335	0.425	0.144300	0.012300
2.335	0.475	0.167000	0.013300
2.335	0.525	0.197100	0.015500
2.335	0.575	0.231500	0.018700
2.335	0.625	0.234600	0.019400
2.335	0.675	0.353400	0.025100
2.335	0.725	0.377600	0.027400
2.335	0.775	0.526500	0.037500
2.335	0.825	0.622500	0.041800
2.335	0.875	0.797900	0.058100
2.335	0.925	0.797000	0.153200
2.335	-0.800	0.032800	0.009500
2.335	-0.700	0.026000	0.006100
2.335	-0.600	0.029500	0.005200
2.335	-0.500	0.041700	0.006000
2.335	-0.400	0.031300	0.004700
2.335	-0.300	0.025300	0.003700
2.335	-0.200	0.030300	0.004000
2.335	-0.100	0.029600	0.003600
2.335	0.000	0.032100	0.003500
2.335	0.100	0.041800	0.003900
2.335	0.200	0.055600	0.004700
2.335	0.300	0.084300	0.005800
2.345	0.375	0.100800	0.009500
2.345	0.425	0.123500	0.011200
2.345	0.475	0.153200	0.012900
2.345	0.525	0.184100	0.015600
2.345	0.575	0.228800	0.019100
2.345	0.625	0.270800	0.022500
2.345	0.675	0.315000	0.024500
2.345	0.725	0.376000	0.027600
2.345	0.775	0.495600	0.035000
2.345	0.825	0.637600	0.044400
2.345	0.875	0.746500	0.054300
2.345	0.925	0.692300	0.099900
2.345	-0.800	0.047900	0.011200
2.345	-0.700	0.031500	0.006300
2.345	-0.600	0.021900	0.004600
2.345	-0.500	0.025000	0.004400
2.345	-0.400	0.026400	0.004200
2.345	-0.300	0.023400	0.003500
2.345	-0.200	0.028900	0.003700
2.345	-0.100	0.027600	0.003500
2.345	0.000	0.036000	0.003900
2.345	0.100	0.037500	0.003900
2.345	0.200	0.065200	0.005300
2.345	0.300	0.081700	0.005800
2.355	0.375	0.112700	0.010200
2.355	0.425	0.138900	0.011700
2.355	0.475	0.196900	0.015500
2.355	0.525	0.190500	0.015600
2.355	0.575	0.247000	0.020300
2.355	0.625	0.326100	0.025100
2.355	0.675	0.361700	0.026000
2.355	0.725	0.442700	0.032200
2.355	0.775	0.503100	0.037900
2.355	0.825	0.652700	0.047500
2.355	0.875	0.848100	0.065800
2.355	0.925	0.942900	0.174400
2.355	-0.800	0.019900	0.006400
2.355	-0.700	0.036000	0.006500
2.355	-0.600	0.030000	0.005100
2.355	-0.500	0.028200	0.004700
2.355	-0.400	0.028300	0.004400
2.355	-0.300	0.035900	0.004600
2.355	-0.200	0.025400	0.003400
2.355	-0.100	0.029900	0.003600
2.355	0.000	0.035000	0.003800
2.355	0.100	0.040500	0.003900
2.355	0.200	0.061100	0.005900
2.355	0.300	0.089600	0.006200
2.365	0.375	0.115600	0.011200
2.365	0.425	0.136900	0.012200
2.365	0.475	0.165300	0.013800
2.365	0.525	0.210300	0.018000
2.365	0.575	0.225100	0.019300
2.365	0.625	0.297100	0.022900
2.365	0.675	0.362200	0.028100
2.365	0.725	0.512400	0.036500
2.365	0.775	0.562200	0.041600
2.365	0.825	0.683800	0.050800
2.365	0.875	0.922500	0.069800
2.365	0.925	0.827400	0.110300
2.365	-0.775	0.021900	0.008300
2.365	-0.700	0.020900	0.005400
2.365	-0.600	0.025100	0.005000
2.365	-0.500	0.028300	0.005100
2.365	-0.400	0.024600	0.004300
2.365	-0.300	0.025500	0.004000
2.365	-0.200	0.023000	0.003500
2.365	-0.100	0.025700	0.003400
2.365	0.000	0.031100	0.003700
2.365	0.100	0.041400	0.004100
2.365	0.200	0.054600	0.005100
2.365	0.300	0.093600	0.006800
2.375	0.375	0.104700	0.010200
2.375	0.425	0.131500	0.011800
2.375	0.475	0.180100	0.014700
2.375	0.525	0.179700	0.014600
2.375	0.575	0.230900	0.019700
2.375	0.625	0.281500	0.021500
2.375	0.675	0.354600	0.028500
2.375	0.725	0.392100	0.031000
2.375	0.775	0.500200	0.038700
2.375	0.825	0.619600	0.048400
2.375	0.875	0.686500	0.051700
2.375	0.925	0.720800	0.080500
2.375	-0.800	0.021600	0.007600
2.375	-0.700	0.017900	0.004700
2.375	-0.600	0.027200	0.005000
2.375	-0.500	0.025900	0.004600
2.375	-0.400	0.021300	0.003900
2.375	-0.300	0.029000	0.004100
2.375	-0.200	0.020900	0.003100
2.375	-0.100	0.022800	0.003100
2.375	0.000	0.028400	0.003500
2.375	0.100	0.039100	0.003900
2.375	0.200	0.061700	0.005200
2.375	0.300	0.083000	0.006100
2.385	0.375	0.111300	0.010700
2.385	0.425	0.129800	0.011900
2.385	0.475	0.134500	0.013100
2.385	0.525	0.158400	0.015300
2.385	0.575	0.210500	0.019100
2.385	0.625	0.227400	0.019500
2.385	0.675	0.292200	0.023800
2.385	0.725	0.354700	0.030300
2.385	0.775	0.442900	0.039000
2.385	0.825	0.569700	0.046900
2.385	0.875	0.727000	0.060700
2.385	0.925	0.987600	0.117200
2.385	-0.800	0.016900	0.011600
2.385	-0.700	0.023000	0.005500
2.385	-0.600	0.023200	0.004800
2.385	-0.500	0.023800	0.004700
2.385	-0.400	0.015400	0.003300
2.385	-0.300	0.026800	0.004000
2.385	-0.200	0.026400	0.003800
2.385	-0.100	0.024000	0.003300
2.385	0.000	0.028500	0.003600
2.385	0.100	0.038100	0.004000
2.385	0.200	0.051900	0.004900
2.385	0.300	0.075100	0.005900
2.395	0.375	0.091800	0.010000
2.395	0.425	0.113000	0.011500
2.395	0.475	0.153300	0.015100
2.395	0.525	0.155500	0.015700
2.395	0.575	0.201300	0.018600
2.395	0.625	0.236700	0.021300
2.395	0.675	0.333600	0.028300
2.395	0.725	0.411700	0.032300
2.395	0.775	0.479200	0.038100
2.395	0.825	0.585800	0.044900
2.395	0.875	0.762900	0.059700
2.395	0.925	0.796700	0.175000
2.395	-0.800	0.023900	0.017100
2.395	-0.700	0.012000	0.004200
2.395	-0.600	0.018800	0.004600
2.395	-0.500	0.017700	0.004200
2.395	-0.400	0.015900	0.003700
2.395	-0.300	0.020600	0.003800
2.395	-0.200	0.025600	0.003900
2.395	-0.100	0.029500	0.003900
2.395	0.000	0.031600	0.003900
2.395	0.100	0.040800	0.004300
2.395	0.200	0.049800	0.004900
2.395	0.300	0.073000	0.006000
2.405	0.375	0.095600	0.010800
2.405	0.425	0.108000	0.011800
2.405	0.475	0.131600	0.014400
2.405	0.525	0.160300	0.018400
2.405	0.575	0.209900	0.021200
2.405	0.625	0.280900	0.025400
2.405	0.675	0.277700	0.025500
2.405	0.725	0.423300	0.034300
2.405	0.775	0.489400	0.042000
2.405	0.825	0.596200	0.049600
2.405	0.875	0.764100	0.062100
2.405	0.925	0.984000	0.114800
2.405	-0.800	0.013900	0.007000
2.405	-0.700	0.016400	0.005900
2.405	-0.600	0.019400	0.004800
2.405	-0.500	0.021400	0.004900
2.405	-0.400	0.015200	0.003800
2.405	-0.300	0.017200	0.003400
2.405	-0.200	0.018300	0.003400
2.405	-0.100	0.024300	0.003700
2.405	0.000	0.021500	0.003400
2.405	0.100	0.034700	0.004200
2.405	0.200	0.052200	0.005500
2.405	0.300	0.079400	0.006700
2.415	0.375	0.103400	0.011100
2.415	0.425	0.107200	0.011100
2.415	0.475	0.133100	0.013300
2.415	0.525	0.138300	0.015300
2.415	0.575	0.188500	0.019400
2.415	0.625	0.242600	0.021900
2.415	0.675	0.291200	0.026900
2.415	0.725	0.352000	0.032800
2.415	0.775	0.458600	0.039200
2.415	0.825	0.547700	0.048600
2.415	0.875	0.794400	0.060800
2.415	0.925	0.797700	0.092100
2.415	-0.800	0.012900	0.009500
2.415	-0.700	0.010000	0.003600
2.415	-0.600	0.014700	0.003900
2.415	-0.500	0.017900	0.004300
2.415	-0.400	0.016900	0.003800
2.415	-0.300	0.020000	0.003800
2.415	-0.200	0.013500	0.002700
2.415	-0.100	0.023100	0.003400
2.415	0.000	0.034400	0.004100
2.415	0.100	0.034800	0.004000
2.415	0.200	0.060300	0.005600
2.415	0.300	0.071300	0.006200
2.425	0.375	0.095100	0.009900
2.425	0.425	0.124400	0.012200
2.425	0.475	0.148900	0.014000
2.425	0.525	0.183200	0.017300
2.425	0.575	0.226800	0.020400
2.425	0.625	0.287600	0.023600
2.425	0.675	0.296100	0.024700
2.425	0.725	0.423600	0.033800
2.425	0.775	0.444200	0.039300
2.425	0.825	0.615600	0.049100
2.425	0.875	0.927500	0.068400
2.425	0.925	0.920100	0.168700
2.425	-0.800	0.014100	0.005800
2.425	-0.700	0.013400	0.004700
2.425	-0.600	0.013800	0.003700
2.425	-0.500	0.018300	0.004100
2.425	-0.400	0.024900	0.004700
2.425	-0.300	0.023300	0.003800
2.425	-0.200	0.029700	0.004100
2.425	-0.100	0.022800	0.003300
2.425	0.000	0.025100	0.003400
2.425	0.100	0.033800	0.003700
2.425	0.200	0.053400	0.005100
2.425	0.300	0.085900	0.006500
2.435	0.375	0.097800	0.010700
2.435	0.425	0.125400	0.012500
2.435	0.475	0.128200	0.013200
2.435	0.525	0.172100	0.017800
2.435	0.575	0.204000	0.020700
2.435	0.625	0.234800	0.021200
2.435	0.675	0.288300	0.026100
2.435	0.725	0.331800	0.031200
2.435	0.775	0.494400	0.043700
2.435	0.825	0.649500	0.053000
2.435	0.875	0.841700	0.064900
2.435	0.925	0.957500	0.151600
2.435	-0.800	0.014100	0.005700
2.435	-0.700	0.012700	0.004000
2.435	-0.600	0.014200	0.003800
2.435	-0.525	0.017700	0.004400
2.435	-0.400	0.015500	0.003700
2.435	-0.300	0.023100	0.004000
2.435	-0.200	0.018400	0.003200
2.435	-0.100	0.020700	0.003200
2.435	0.000	0.031700	0.004000
2.435	0.100	0.033300	0.003900
2.435	0.200	0.056800	0.005400
2.435	0.300	0.076100	0.006600
2.445	0.375	0.100400	0.010700
2.445	0.425	0.125400	0.012300
2.445	0.475	0.127000	0.013600
2.445	0.525	0.165000	0.017100
2.445	0.575	0.206800	0.020200
2.445	0.625	0.245900	0.022800
2.445	0.675	0.275700	0.025100
2.445	0.725	0.384600	0.034100
2.445	0.775	0.481200	0.044400
2.445	0.825	0.674100	0.057100
2.445	0.875	1.035600	0.072900
2.445	0.925	1.033800	0.137300
2.445	-0.800	0.018100	0.007000
2.445	-0.700	0.010500	0.003300
2.445	-0.600	0.010600	0.002800
2.445	-0.500	0.009800	0.002800
2.445	-0.400	0.015700	0.003600
2.445	-0.300	0.018400	0.003500
2.445	-0.200	0.016100	0.003000
2.445	-0.100	0.024100	0.003600
2.445	0.000	0.030500	0.003700
2.445	0.100	0.037600	0.004200
2.445	0.200	0.053600	0.005300
2.445	0.300	0.073600	0.006300
2.455	0.375	0.091200	0.010200
2.455	0.425	0.114900	0.011800
2.455	0.475	0.126400	0.013200
2.455	0.525	0.153700	0.015800
2.455	0.575	0.170500	0.017700
2.455	0.625	0.214700	0.020200
2.455	0.675	0.253400	0.024600
2.455	0.725	0.350600	0.032600
2.455	0.775	0.470100	0.041100
2.455	0.825	0.669200	0.052000
2.455	0.875	0.870800	0.060700
2.455	0.925	1.147700	0.134700
2.455	-0.800	0.014000	0.007700
2.455	-0.700	0.009500	0.002800
2.455	-0.600	0.007900	0.002300
2.455	-0.500	0.008900	0.002500
2.455	-0.400	0.012600	0.003300
2.455	-0.300	0.015800	0.003100
2.455	-0.200	0.016600	0.003100
2.455	-0.100	0.017800	0.003000
2.455	0.000	0.023500	0.003300
2.455	0.100	0.035600	0.004000
2.455	0.200	0.050500	0.005100
2.455	0.300	0.074800	0.006300
2.465	0.375	0.084600	0.010100
2.465	0.425	0.102600	0.011300
2.465	0.475	0.124900	0.013800
2.465	0.525	0.119400	0.014500
2.465	0.575	0.188700	0.019700
2.465	0.625	0.220700	0.020700
2.465	0.675	0.296200	0.027200
2.465	0.725	0.362500	0.032600
2.465	0.775	0.477200	0.041700
2.465	0.825	0.715000	0.055400
2.465	0.875	0.965800	0.072800
2.465	0.925	1.052600	0.115200
2.465	-0.800	0.013700	0.006000
2.465	-0.700	0.010000	0.003800
2.465	-0.600	0.012300	0.003500
2.465	-0.500	0.013100	0.004000
2.465	-0.400	0.015900	0.004000
2.465	-0.300	0.013700	0.003200
2.465	-0.200	0.019000	0.003700
2.465	-0.100	0.023800	0.003800
2.465	0.000	0.024800	0.003700
2.465	0.100	0.032900	0.004200
2.465	0.200	0.057000	0.005900
2.465	0.300	0.075700	0.006500
2.475	0.375	0.068100	0.008600
2.475	0.425	0.096900	0.011500
2.475	0.475	0.083900	0.010700
2.475	0.525	0.126500	0.014700
2.475	0.575	0.175900	0.019100
2.475	0.625	0.239800	0.023500
2.475	0.675	0.243300	0.024200
2.475	0.725	0.418600	0.034900
2.475	0.775	0.532700	0.044400
2.475	0.825	0.620300	0.050000
2.475	0.875	0.862100	0.066000
2.475	0.925	1.289000	0.164300
2.475	-0.800	0.012400	0.006100
2.475	-0.700	0.013000	0.004400
2.475	-0.600	0.012000	0.003400
2.475	-0.500	0.006300	0.002600
2.475	-0.400	0.011300	0.003300
2.475	-0.300	0.012800	0.003000
2.475	-0.200	0.014600	0.003100
2.475	-0.100	0.018000	0.003200
2.475	0.000	0.018500	0.003000
2.475	0.100	0.036500	0.004400
2.475	0.200	0.048200	0.005400
2.475	0.300	0.065400	0.005900
2.485	0.375	0.076900	0.009700
2.485	0.425	0.117300	0.011900
2.485	0.475	0.120500	0.012800
2.485	0.525	0.162300	0.016600
2.485	0.575	0.165800	0.017300
2.485	0.625	0.203800	0.019800
2.485	0.675	0.304400	0.027600
2.485	0.725	0.329700	0.032500
2.485	0.775	0.482200	0.042200
2.485	0.825	0.595500	0.048200
2.485	0.875	1.037400	0.074400
2.485	0.925	1.131200	0.117000
2.485	-0.800	0.010800	0.012100
2.485	-0.700	0.006900	0.003100
2.485	-0.600	0.005600	0.002100
2.485	-0.500	0.007100	0.002400
2.485	-0.400	0.009500	0.002900
2.485	-0.300	0.010800	0.002600
2.485	-0.200	0.016800	0.003200
2.485	-0.100	0.018000	0.003000
2.485	0.000	0.019300	0.002900
2.485	0.100	0.032100	0.003900
2.485	0.200	0.052200	0.005200
2.485	0.300	0.065200	0.005800
2.495	0.375	0.077200	0.009400
2.495	0.425	0.101100	0.011100
2.495	0.475	0.101800	0.011800
2.495	0.525	0.126700	0.014200
2.495	0.575	0.184700	0.018300
2.495	0.625	0.219200	0.020900
2.495	0.675	0.301000	0.028700
2.495	0.725	0.390000	0.036500
2.495	0.775	0.500700	0.045400
2.495	0.825	0.675800	0.051200
2.495	0.875	0.934800	0.070700
2.495	0.925	1.051400	0.129100
2.495	-0.800	0.009000	0.005100
2.495	-0.700	0.005200	0.002700
2.495	-0.600	0.009500	0.003300
2.495	-0.500	0.007000	0.002800
2.495	-0.400	0.009300	0.002900
2.495	-0.300	0.007100	0.002200
2.495	-0.200	0.014600	0.003000
2.495	-0.100	0.013200	0.002500
2.495	0.000	0.017500	0.002900
2.495	0.100	0.020000	0.003000
2.495	0.200	0.041900	0.004800
2.495	0.300	0.054200	0.005300
2.505	0.375	0.075100	0.008900
2.505	0.425	0.083400	0.009900
2.505	0.475	0.091500	0.011400
2.505	0.525	0.113900	0.013400
2.505	0.575	0.183300	0.018000
2.505	0.625	0.208800	0.020100
2.505	0.675	0.252200	0.024400
2.505	0.725	0.393500	0.034800
2.505	0.775	0.565700	0.048500
2.505	0.825	0.719500	0.060600
2.505	0.875	0.858100	0.064600
2.505	0.925	1.124200	0.124600
2.505	-0.800	0.007600	0.004500
2.505	-0.700	0.006100	0.003000
2.505	-0.600	0.007000	0.002700
2.505	-0.500	0.006400	0.002400
2.505	-0.400	0.013000	0.003300
2.505	-0.300	0.012100	0.003000
2.505	-0.200	0.018900	0.003400
2.505	-0.100	0.018600	0.003200
2.505	0.000	0.022900	0.003400
2.505	0.100	0.029300	0.003800
2.505	0.200	0.044500	0.004700
2.505	0.300	0.051600	0.004900
2.515	0.375	0.074300	0.009200
2.515	0.425	0.084500	0.010000
2.515	0.475	0.087400	0.011100
2.515	0.525	0.146500	0.016000
2.515	0.575	0.175300	0.017800
2.515	0.625	0.247800	0.023200
2.515	0.675	0.264900	0.025000
2.515	0.725	0.375100	0.037800
2.515	0.775	0.483200	0.042600
2.515	0.825	0.652400	0.050400
2.515	0.875	0.918500	0.069900
2.515	0.925	1.251500	0.124900
2.515	-0.800	0.005200	0.004400
2.515	-0.700	0.006900	0.002900
2.515	-0.600	0.004600	0.001800
2.515	-0.500	0.008300	0.002400
2.515	-0.400	0.007500	0.002400
2.515	-0.300	0.009800	0.002500
2.515	-0.200	0.010600	0.002500
2.515	-0.100	0.011400	0.002500
2.515	0.000	0.016200	0.002800
2.515	0.100	0.026300	0.003500
2.515	0.200	0.035000	0.004200
2.515	0.300	0.052800	0.005200
2.525	0.375	0.069100	0.009000
2.525	0.425	0.078600	0.010800
2.525	0.475	0.096300	0.012500
2.525	0.525	0.137400	0.016700
2.525	0.575	0.168200	0.018900
2.525	0.625	0.228900	0.024600
2.525	0.675	0.288500	0.030400
2.525	0.725	0.365300	0.037700
2.525	0.775	0.575100	0.049100
2.525	0.825	0.750000	0.057300
2.525	0.875	0.949800	0.068500
2.525	0.925	1.144900	0.124700
2.525	-0.800	0.017900	0.008600
2.525	-0.700	0.005600	0.003000
2.525	-0.600	0.009500	0.003400
2.525	-0.500	0.006700	0.002700
2.525	-0.400	0.010800	0.003100
2.525	-0.300	0.014600	0.003200
2.525	-0.200	0.011400	0.002700
2.525	-0.100	0.015000	0.002800
2.525	0.000	0.015700	0.002800
2.525	0.100	0.024600	0.003500
2.525	0.200	0.036900	0.004600
2.525	0.300	0.050000	0.005200
2.535	0.375	0.077400	0.009500
2.535	0.425	0.097100	0.010900
2.535	0.475	0.114100	0.013100
2.535	0.525	0.128900	0.014800
2.535	0.575	0.175200	0.018200
2.535	0.625	0.221900	0.021900
2.535	0.675	0.276400	0.027500
2.535	0.725	0.404600	0.035500
2.535	0.775	0.567100	0.047400
2.535	0.825	0.660600	0.050400
2.535	0.875	0.997300	0.070000
2.535	0.925	1.388300	0.119900
2.535	-0.800	0.007900	0.005300
2.535	-0.700	0.006400	0.002500
2.535	-0.600	0.004700	0.002100
2.535	-0.500	0.004400	0.001800
2.535	-0.400	0.011500	0.003300
2.535	-0.300	0.007600	0.002100
2.535	-0.200	0.012100	0.002600
2.535	-0.100	0.015900	0.002800
2.535	0.000	0.016300	0.002700
2.535	0.100	0.023100	0.003200
2.535	0.200	0.031600	0.003800
2.535	0.300	0.056400	0.005300
2.545	0.375	0.079700	0.009600
2.545	0.425	0.093000	0.010800
2.545	0.475	0.104500	0.013000
2.545	0.525	0.140800	0.016200
2.545	0.575	0.220700	0.021100
2.545	0.625	0.243600	0.023700
2.545	0.675	0.344600	0.030700
2.545	0.725	0.440900	0.037100
2.545	0.775	0.588900	0.045600
2.545	0.825	0.882100	0.058700
2.545	0.875	1.071400	0.074100
2.545	0.925	1.387700	0.116500
2.545	-0.800	0.004400	0.003500
2.545	-0.700	0.007400	0.002900
2.545	-0.600	0.005600	0.002200
2.545	-0.500	0.006300	0.002200
2.545	-0.400	0.011000	0.003300
2.545	-0.300	0.011700	0.002700
2.545	-0.200	0.011100	0.002500
2.545	-0.100	0.010300	0.002300
2.545	0.000	0.016200	0.002700
2.545	0.100	0.025300	0.003500
2.545	0.200	0.035800	0.004500
2.545	0.300	0.054200	0.005500
2.555	0.375	0.089800	0.010300
2.555	0.425	0.082500	0.010300
2.555	0.475	0.096500	0.012700
2.555	0.525	0.165800	0.018300
2.555	0.575	0.193700	0.018300
2.555	0.625	0.232900	0.022800
2.555	0.675	0.294700	0.027900
2.555	0.725	0.396400	0.036900
2.555	0.775	0.560700	0.046500
2.555	0.825	0.703300	0.056500
2.555	0.875	1.004800	0.073300
2.555	0.925	1.383800	0.124800
2.555	-0.800	0.006700	0.004600
2.555	-0.700	0.003400	0.002300
2.555	-0.600	0.006300	0.003400
2.555	-0.500	0.003300	0.001600
2.555	-0.400	0.006300	0.002000
2.555	-0.300	0.007200	0.001900
2.555	-0.200	0.008000	0.002000
2.555	-0.100	0.010100	0.002200
2.555	0.000	0.013100	0.002300
2.555	0.100	0.020800	0.002900
2.555	0.200	0.037400	0.004400
2.555	0.300	0.063400	0.005900
2.565	0.375	0.069600	0.008500
2.565	0.425	0.099300	0.011100
2.565	0.475	0.116200	0.012800
2.565	0.525	0.151700	0.016400
2.565	0.575	0.195100	0.018000
2.565	0.625	0.243100	0.021500
2.565	0.675	0.330700	0.030300
2.565	0.725	0.420500	0.036000
2.565	0.775	0.620600	0.051400
2.565	0.825	0.814200	0.060400
2.565	0.875	1.095900	0.072900
2.565	0.925	1.513000	0.122200
2.565	-0.800	0.008900	0.006400
2.565	-0.700	0.004500	0.002500
2.565	-0.600	0.004200	0.001900
2.565	-0.500	0.003700	0.001600
2.565	-0.400	0.004400	0.001800
2.565	-0.300	0.008300	0.002200
2.565	-0.200	0.009500	0.002200
2.565	-0.100	0.010000	0.002100
2.565	0.000	0.013400	0.002500
2.565	0.100	0.024400	0.003600
2.565	0.200	0.035400	0.004300
2.565	0.300	0.053500	0.005300
2.575	0.375	0.067900	0.008500
2.575	0.425	0.063600	0.008700
2.575	0.475	0.113000	0.013500
2.575	0.525	0.133600	0.015100
2.575	0.575	0.165900	0.015800
2.575	0.625	0.200800	0.019900
2.575	0.675	0.266600	0.025100
2.575	0.725	0.392900	0.034700
2.575	0.775	0.541500	0.045300
2.575	0.825	0.700600	0.052000
2.575	0.875	0.939600	0.065500
2.575	0.925	1.164200	0.152400
2.575	-0.800	0.016300	0.008300
2.575	-0.700	0.002400	0.001900
2.575	-0.600	0.006100	0.002800
2.575	-0.500	0.004800	0.002100
2.575	-0.400	0.002700	0.001400
2.575	-0.300	0.003500	0.001300
2.575	-0.200	0.006400	0.001800
2.575	-0.100	0.009700	0.002100
2.575	0.000	0.013900	0.002400
2.575	0.100	0.015400	0.002500
2.575	0.200	0.032300	0.003900
2.575	0.300	0.044900	0.004700
2.585	0.375	0.062800	0.008200
2.585	0.425	0.075000	0.009400
2.585	0.475	0.093400	0.011700
2.585	0.525	0.112100	0.014000
2.585	0.575	0.158800	0.017500
2.585	0.625	0.227400	0.022600
2.585	0.675	0.278000	0.027200
2.585	0.725	0.381300	0.035800
2.585	0.775	0.550300	0.045600
2.585	0.825	0.640400	0.047600
2.585	0.875	1.073300	0.078600
2.585	0.925	1.530700	0.235700
2.585	-0.800	0.006100	0.005700
2.585	-0.700	0.003700	0.002400
2.585	-0.600	0.004800	0.002200
2.585	-0.525	0.002300	0.001500
2.585	-0.400	0.004200	0.001800
2.585	-0.300	0.004500	0.001700
2.585	-0.200	0.007000	0.002000
2.585	-0.100	0.010600	0.002300
2.585	0.000	0.013000	0.002400
2.585	0.100	0.018400	0.002900
2.585	0.200	0.025300	0.003500
2.585	0.300	0.053400	0.005200
2.595	0.375	0.056600	0.008500
2.595	0.425	0.062300	0.009000
2.595	0.475	0.089600	0.011800
2.595	0.525	0.124500	0.015400
2.595	0.575	0.157800	0.016600
2.595	0.625	0.210900	0.020800
2.595	0.675	0.245100	0.025100
2.595	0.725	0.333700	0.033200
2.595	0.775	0.509100	0.045200
2.595	0.825	0.603700	0.050600
2.595	0.875	1.025300	0.070100
2.595	0.925	1.552400	0.361400
2.595	-0.775	0.000700	0.002100
2.595	-0.700	0.002000	0.002300
2.595	-0.600	0.001600	0.001300
2.595	-0.500	0.002100	0.001300
2.595	-0.400	0.002300	0.001400
2.595	-0.300	0.005100	0.001900
2.595	-0.200	0.004800	0.001800
2.595	-0.100	0.006900	0.002000
2.595	0.000	0.010500	0.002300
2.595	0.100	0.014500	0.002600
2.595	0.200	0.027600	0.003900
2.595	0.300	0.040600	0.004700
2.605	0.375	0.050200	0.006000
2.605	0.425	0.068800	0.008300
2.605	0.475	0.078900	0.008700
2.605	0.525	0.109000	0.011100
2.605	0.575	0.152800	0.014100
2.605	0.625	0.210000	0.018200
2.605	0.675	0.226700	0.021100
2.605	0.725	0.378300	0.032400
2.605	0.775	0.450900	0.038300
2.605	0.825	0.594300	0.045500
2.605	0.875	0.989900	0.102400
2.605	0.925	1.508700	0.115000
2.605	-0.825	0.002900	0.004600
2.605	-0.700	0.002300	0.001600
2.605	-0.575	0.002100	0.001300
2.605	-0.500	0.002500	0.001100
2.605	-0.400	0.005000	0.001500
2.605	-0.300	0.004000	0.001100
2.605	-0.200	0.004900	0.001100
2.605	-0.100	0.005900	0.001200
2.605	0.000	0.005200	0.001100
2.605	0.100	0.015900	0.002100
2.605	0.200	0.022600	0.002500
2.605	0.300	0.033800	0.003300
2.615	0.375	0.052800	0.006000
2.615	0.425	0.089400	0.008500
2.615	0.475	0.091900	0.009500
2.615	0.525	0.120800	0.011900
2.615	0.575	0.169900	0.013400
2.615	0.625	0.198900	0.017700
2.615	0.675	0.303300	0.026000
2.615	0.725	0.407800	0.032200
2.615	0.775	0.504100	0.036800
2.615	0.825	0.769300	0.051500
2.615	0.875	1.088200	0.069300
2.615	0.925	1.597700	0.246900
2.615	-0.800	0.016300	0.006900
2.615	-0.700	0.006400	0.002600
2.615	-0.600	0.004900	0.001800
2.615	-0.500	0.004500	0.001800
2.615	-0.400	0.006400	0.001800
2.615	-0.300	0.005900	0.001400
2.615	-0.200	0.006600	0.001400
2.615	-0.100	0.006700	0.001300
2.615	0.000	0.011500	0.001700
2.615	0.100	0.015900	0.002000
2.615	0.200	0.027300	0.002900
2.615	0.300	0.041500	0.003500
2.625	0.375	0.052400	0.006800
2.625	0.425	0.068100	0.007900
2.625	0.475	0.087400	0.009900
2.625	0.525	0.098100	0.011100
2.625	0.575	0.133000	0.013300
2.625	0.625	0.205400	0.018500
2.625	0.675	0.276000	0.024300
2.625	0.725	0.432200	0.037100
2.625	0.775	0.498300	0.038800
2.625	0.825	0.716200	0.051300
2.625	0.875	1.174500	0.074700
2.625	0.925	1.469400	0.135900
2.625	-0.800	0.013700	0.008100
2.625	-0.700	0.004600	0.002500
2.625	-0.600	0.003900	0.002000
2.625	-0.500	0.007300	0.002300
2.625	-0.400	0.004500	0.001700
2.625	-0.300	0.006000	0.001600
2.625	-0.200	0.006300	0.001500
2.625	-0.100	0.008200	0.001700
2.625	0.000	0.008400	0.001600
2.625	0.100	0.012000	0.002000
2.625	0.200	0.023200	0.003000
2.625	0.300	0.037800	0.003800
2.635	0.375	0.053000	0.006700
2.635	0.425	0.069200	0.007700
2.635	0.475	0.065300	0.009200
2.635	0.525	0.113500	0.012700
2.635	0.575	0.167800	0.015400
2.635	0.625	0.203500	0.017800
2.635	0.675	0.275900	0.024900
2.635	0.725	0.389900	0.033300
2.635	0.775	0.468900	0.038200
2.635	0.825	0.654000	0.046400
2.635	0.875	0.967900	0.065400
2.635	0.925	1.363700	0.100900
2.635	-0.800	0.004100	0.004900
2.635	-0.725	0.002900	0.002400
2.635	-0.600	0.005100	0.002100
2.635	-0.500	0.004700	0.001800
2.635	-0.400	0.003300	0.001500
2.635	-0.300	0.005700	0.001700
2.635	-0.200	0.006400	0.001700
2.635	-0.100	0.007500	0.001700
2.635	0.000	0.006700	0.001500
2.635	0.100	0.013300	0.002200
2.635	0.200	0.020100	0.002800
2.635	0.300	0.036600	0.003800
2.645	0.375	0.056600	0.007000
2.645	0.425	0.063300	0.007700
2.645	0.475	0.079100	0.009600
2.645	0.525	0.109500	0.012000
2.645	0.575	0.134000	0.012900
2.645	0.625	0.199500	0.018200
2.645	0.675	0.253700	0.021900
2.645	0.725	0.338500	0.030000
2.645	0.775	0.491900	0.039000
2.645	0.825	0.709100	0.047800
2.645	0.875	0.984700	0.065000
2.645	0.925	1.415000	0.165800
2.645	-0.800	0.010400	0.006800
2.645	-0.700	0.006400	0.003100
2.645	-0.600	0.002200	0.001600
2.645	-0.500	0.004400	0.001700
2.645	-0.400	0.004700	0.001900
2.645	-0.300	0.004100	0.001600
2.645	-0.200	0.002500	0.001000
2.645	-0.100	0.003200	0.001000
2.645	0.000	0.007000	0.001500
2.645	0.100	0.009400	0.001800
2.645	0.200	0.018300	0.002500
2.645	0.300	0.032100	0.003500
2.655	0.375	0.049000	0.006700
2.655	0.425	0.066200	0.007800
2.655	0.475	0.077400	0.009300
2.655	0.525	0.112700	0.012300
2.655	0.575	0.144100	0.014000
2.655	0.625	0.195000	0.017500
2.655	0.675	0.259700	0.022500
2.655	0.725	0.366200	0.032500
2.655	0.775	0.568900	0.043500
2.655	0.825	0.705300	0.048200
2.655	0.875	1.074300	0.070000
2.655	0.925	1.604600	0.157700
2.655	-0.800	0.005000	0.003500
2.655	-0.700	0.005300	0.003200
2.655	-0.600	0.007000	0.002800
2.655	-0.500	0.004800	0.001800
2.655	-0.400	0.003600	0.001600
2.655	-0.300	0.006300	0.001900
2.655	-0.200	0.006700	0.001700
2.655	-0.100	0.006300	0.001600
2.655	0.000	0.010800	0.002000
2.655	0.100	0.012700	0.002100
2.655	0.200	0.017700	0.002700
2.655	0.300	0.027500	0.003200
2.665	0.375	0.046500	0.005900
2.665	0.425	0.057600	0.006600
2.665	0.475	0.069600	0.008500
2.665	0.525	0.105900	0.011300
2.665	0.575	0.146500	0.013000
2.665	0.625	0.181400	0.015600
2.665	0.675	0.223300	0.019700
2.665	0.725	0.345500	0.027700
2.665	0.775	0.554900	0.040700
2.665	0.825	0.749000	0.049000
2.665	0.875	0.994400	0.064600
2.665	0.925	1.731400	0.170900
2.665	-0.800	0.003700	0.003200
2.665	-0.700	0.002300	0.001700
2.665	-0.600	0.002800	0.001700
2.665	-0.500	0.002200	0.001100
2.665	-0.400	0.002600	0.001200
2.665	-0.300	0.003300	0.001100
2.665	-0.200	0.002500	0.000900
2.665	-0.100	0.005800	0.001400
2.665	0.000	0.005900	0.001300
2.665	0.100	0.010800	0.001800
2.665	0.200	0.016300	0.002400
2.665	0.300	0.027800	0.003100
2.675	0.375	0.035100	0.005400
2.675	0.425	0.060400	0.007200
2.675	0.475	0.077400	0.008800
2.675	0.525	0.102700	0.011200
2.675	0.575	0.140300	0.013000
2.675	0.625	0.206500	0.017400
2.675	0.675	0.226600	0.020700
2.675	0.725	0.347600	0.028500
2.675	0.775	0.560600	0.046600
2.675	0.825	0.736900	0.048000
2.675	0.875	1.140700	0.072300
2.675	0.925	2.263100	0.303500
2.675	-0.800	0.006800	0.004200
2.675	-0.700	0.008000	0.003200
2.675	-0.625	0.004500	0.002100
2.675	-0.500	0.005500	0.002100
2.675	-0.400	0.002300	0.001100
2.675	-0.300	0.002500	0.001000
2.675	-0.200	0.003300	0.001100
2.675	-0.100	0.002900	0.000900
2.675	0.000	0.004400	0.001100
2.675	0.100	0.007400	0.001500
2.675	0.200	0.012700	0.002000
2.675	0.300	0.027500	0.003100
2.685	0.375	0.050100	0.006800
2.685	0.425	0.053200	0.006800
2.685	0.475	0.077500	0.009400
2.685	0.525	0.105000	0.011700
2.685	0.575	0.153200	0.014100
2.685	0.625	0.162900	0.015300
2.685	0.675	0.252000	0.022800
2.685	0.725	0.357300	0.030700
2.685	0.775	0.537900	0.038500
2.685	0.825	0.809800	0.054200
2.685	0.875	1.032600	0.069900
2.685	0.925	1.746800	0.180000
2.685	-0.800	0.008100	0.004700
2.685	-0.700	0.004800	0.002700
2.685	-0.600	0.005500	0.002800
2.685	-0.525	0.002400	0.001800
2.685	-0.400	0.005900	0.002100
2.685	-0.300	0.004100	0.001500
2.685	-0.200	0.003200	0.001100
2.685	-0.100	0.003300	0.001100
2.685	0.000	0.004800	0.001200
2.685	0.100	0.008700	0.001700
2.685	0.200	0.014600	0.002300
2.685	0.300	0.033200	0.003600
2.695	0.375	0.041900	0.006100
2.695	0.425	0.055400	0.006900
2.695	0.475	0.055500	0.007200
2.695	0.525	0.085700	0.010500
2.695	0.575	0.144100	0.014100
2.695	0.625	0.214300	0.018200
2.695	0.675	0.264900	0.023200
2.695	0.725	0.382100	0.033100
2.695	0.775	0.519800	0.037300
2.695	0.825	0.754500	0.051600
2.695	0.875	1.158700	0.079800
2.695	0.925	1.773900	0.176300
2.695	-0.800	0.013200	0.007500
2.695	-0.725	0.004900	0.003300
2.695	-0.625	0.003300	0.002100
2.695	-0.500	0.002900	0.001300
2.695	-0.400	0.003600	0.001600
2.695	-0.300	0.002500	0.001000
2.695	-0.200	0.003900	0.001300
2.695	-0.100	0.002700	0.001000
2.695	0.000	0.003800	0.001200
2.695	0.100	0.006700	0.001500
2.695	0.200	0.020600	0.002800
2.695	0.300	0.030200	0.003400
2.705	0.375	0.039800	0.005400
2.705	0.425	0.051600	0.006500
2.705	0.475	0.066500	0.007900
2.705	0.525	0.089000	0.010300
2.705	0.575	0.125800	0.011800
2.705	0.625	0.192300	0.016100
2.705	0.675	0.238400	0.020300
2.705	0.725	0.353500	0.029200
2.705	0.775	0.510800	0.038700
2.705	0.825	0.765900	0.051300
2.705	0.875	1.142800	0.076800
2.705	0.925	1.760200	0.145900
2.705	-0.800	0.012600	0.006300
2.705	-0.700	0.003100	0.002000
2.705	-0.600	0.004900	0.002400
2.705	-0.500	0.002000	0.001100
2.705	-0.400	0.005200	0.002000
2.705	-0.300	0.003100	0.001300
2.705	-0.200	0.005400	0.001500
2.705	-0.100	0.003300	0.001000
2.705	0.000	0.003800	0.001100
2.705	0.100	0.008500	0.001600
2.705	0.200	0.016400	0.002300
2.705	0.300	0.026200	0.003000
2.715	0.375	0.045500	0.005900
2.715	0.425	0.052300	0.006700
2.715	0.475	0.067500	0.008300
2.715	0.525	0.085400	0.009500
2.715	0.575	0.113200	0.010900
2.715	0.625	0.185100	0.015900
2.715	0.675	0.259300	0.023000
2.715	0.725	0.361200	0.028500
2.715	0.775	0.542900	0.040400
2.715	0.825	0.761400	0.049100
2.715	0.875	1.301800	0.080400
2.715	0.925	1.780300	0.174000
2.715	-0.800	0.014000	0.009500
2.715	-0.700	0.008400	0.003200
2.715	-0.600	0.005500	0.002000
2.715	-0.500	0.005500	0.002000
2.715	-0.400	0.003400	0.001500
2.715	-0.300	0.003300	0.001300
2.715	-0.200	0.003600	0.001100
2.715	-0.100	0.003600	0.001000
2.715	0.000	0.004300	0.001100
2.715	0.100	0.009400	0.001600
2.715	0.200	0.015900	0.002300
2.715	0.300	0.028000	0.003000
2.725	0.375	0.032800	0.004800
2.725	0.425	0.048600	0.006000
2.725	0.475	0.054400	0.007100
2.725	0.525	0.104100	0.011000
2.725	0.575	0.140700	0.012100
2.725	0.625	0.197700	0.016400
2.725	0.675	0.212900	0.018800
2.725	0.725	0.396300	0.031600
2.725	0.775	0.563700	0.038700
2.725	0.825	0.703900	0.045100
2.725	0.875	1.199800	0.077500
2.725	0.925	2.233500	0.398700
2.725	-0.800	0.002300	0.002600
2.725	-0.700	0.001900	0.001700
2.725	-0.600	0.002600	0.001500
2.725	-0.500	0.001500	0.001000
2.725	-0.425	0.004000	0.002100
2.725	-0.300	0.004700	0.001500
2.725	-0.200	0.003100	0.001100
2.725	-0.100	0.002300	0.000800
2.725	0.000	0.004200	0.001000
2.725	0.100	0.006700	0.001400
2.725	0.200	0.012600	0.002000
2.725	0.300	0.026800	0.002900
2.735	0.375	0.040400	0.005600
2.735	0.425	0.042600	0.005700
2.735	0.475	0.059500	0.007400
2.735	0.525	0.083400	0.009600
2.735	0.575	0.117200	0.011500
2.735	0.625	0.166200	0.015100
2.735	0.675	0.207300	0.019600
2.735	0.725	0.319600	0.026700
2.735	0.775	0.451200	0.032700
2.735	0.825	0.716800	0.049400
2.735	0.875	0.850300	0.063600
2.735	0.925	1.536200	0.171100
2.735	-0.800	0.010600	0.006200
2.735	-0.700	0.005100	0.002400
2.735	-0.600	0.004300	0.002400
2.735	-0.500	0.003800	0.001900
2.735	-0.425	0.001100	0.000900
2.735	-0.300	0.003600	0.001400
2.735	-0.200	0.002600	0.001100
2.735	-0.100	0.003700	0.001400
2.735	0.000	0.003000	0.001100
2.735	0.100	0.004300	0.001200
2.735	0.200	0.013300	0.002200
2.735	0.300	0.023000	0.002700
2.745	0.375	0.029300	0.004600
2.745	0.425	0.031700	0.004500
2.745	0.475	0.040100	0.006200
2.745	0.525	0.077500	0.008800
2.745	0.575	0.089700	0.008900
2.745	0.625	0.133400	0.012600
2.745	0.675	0.177600	0.016600
2.745	0.725	0.260300	0.022100
2.745	0.775	0.390600	0.029500
2.745	0.825	0.534500	0.037200
2.745	0.875	0.746600	0.051500
2.745	0.925	1.841500	0.271400
2.745	-0.825	0.021200	0.010900
2.745	-0.700	0.006600	0.003800
2.745	-0.600	0.006700	0.002200
2.745	-0.500	0.004500	0.001700
2.745	-0.400	0.002700	0.001400
2.745	-0.325	0.004300	0.002000
2.745	-0.200	0.001400	0.000700
2.745	-0.100	0.002000	0.000800
2.745	0.000	0.002600	0.000900
2.745	0.100	0.004100	0.001100
2.745	0.200	0.008700	0.001600
2.745	0.300	0.016300	0.002200
2.755	0.375	0.032800	0.004600
2.755	0.425	0.040100	0.005300
2.755	0.475	0.056500	0.007000
2.755	0.525	0.064800	0.007900
2.755	0.575	0.096900	0.010100
2.755	0.625	0.173300	0.015100
2.755	0.675	0.224800	0.020700
2.755	0.725	0.368100	0.028600
2.755	0.775	0.498500	0.034200
2.755	0.825	0.711100	0.046100
2.755	0.875	1.057300	0.067700
2.755	0.925	1.306600	0.122000
2.755	-0.800	0.006700	0.003800
2.755	-0.700	0.003300	0.001800
2.755	-0.625	0.004000	0.002100
2.755	-0.500	0.002900	0.001200
2.755	-0.400	0.002600	0.001100
2.755	-0.300	0.003300	0.001200
2.755	-0.200	0.002800	0.000900
2.755	-0.100	0.002400	0.000800
2.755	0.000	0.002500	0.000800
2.755	0.100	0.007000	0.001400
2.755	0.200	0.011900	0.001800
2.755	0.300	0.023200	0.002600
2.765	0.375	0.034900	0.004700
2.765	0.425	0.047500	0.005600
2.765	0.475	0.056400	0.006900
2.765	0.525	0.089500	0.009600
2.765	0.575	0.110800	0.010900
2.765	0.625	0.170300	0.014300
2.765	0.675	0.219500	0.018700
2.765	0.725	0.360400	0.027100
2.765	0.775	0.557100	0.037400
2.765	0.825	0.798700	0.050900
2.765	0.875	1.343700	0.092300
2.765	0.925	1.900100	0.183300
2.765	-0.800	0.014000	0.007300
2.765	-0.700	0.008000	0.002800
2.765	-0.600	0.004500	0.002100
2.765	-0.500	0.003300	0.001200
2.765	-0.425	0.005100	0.001700
2.765	-0.300	0.002400	0.001000
2.765	-0.200	0.001900	0.000900
2.765	-0.100	0.002000	0.000700
2.765	0.000	0.003300	0.000800
2.765	0.100	0.002600	0.000800
2.765	0.200	0.010100	0.001700
2.765	0.300	0.021300	0.002500
2.775	0.375	0.023200	0.004000
2.775	0.425	0.046700	0.005700
2.775	0.475	0.052900	0.006600
2.775	0.525	0.067700	0.007900
2.775	0.575	0.122600	0.011100
2.775	0.625	0.157400	0.013600
2.775	0.675	0.202900	0.018100
2.775	0.725	0.320900	0.029300
2.775	0.775	0.480000	0.032900
2.775	0.825	0.681700	0.045100
2.775	0.875	1.074500	0.076800
2.775	0.925	1.216100	0.117100
2.775	-0.800	0.007600	0.003300
2.775	-0.700	0.006100	0.002400
2.775	-0.600	0.002700	0.001300
2.775	-0.500	0.002900	0.001300
2.775	-0.400	0.002900	0.001200
2.775	-0.300	0.002900	0.001000
2.775	-0.200	0.001600	0.000700
2.775	-0.100	0.001700	0.000600
2.775	0.000	0.003000	0.000800
2.775	0.100	0.004300	0.001000
2.775	0.200	0.007700	0.001400
2.775	0.300	0.017100	0.002300
2.785	0.375	0.029800	0.004500
2.785	0.425	0.030100	0.004400
2.785	0.475	0.051100	0.006600
2.785	0.525	0.066200	0.007900
2.785	0.575	0.117000	0.011000
2.785	0.625	0.155200	0.013600
2.785	0.675	0.198100	0.017700
2.785	0.725	0.349100	0.025900
2.785	0.775	0.477100	0.032700
2.785	0.825	0.743400	0.047700
2.785	0.875	1.066100	0.071500
2.785	0.925	2.172800	0.268800
2.785	-0.800	0.004800	0.003100
2.785	-0.700	0.004700	0.001900
2.785	-0.600	0.002700	0.001700
2.785	-0.525	0.004400	0.002100
2.785	-0.425	0.002900	0.001400
2.785	-0.300	0.002800	0.001100
2.785	-0.200	0.003000	0.001000
2.785	-0.100	0.001700	0.000700
2.785	0.000	0.002300	0.000800
2.785	0.100	0.004400	0.001000
2.785	0.200	0.007900	0.001500
2.785	0.300	0.018000	0.002300
2.795	0.375	0.029400	0.004500
2.795	0.425	0.041800	0.005500
2.795	0.475	0.054100	0.006900
2.795	0.525	0.064900	0.008300
2.795	0.575	0.108000	0.010700
2.795	0.625	0.145200	0.013300
2.795	0.675	0.234400	0.020300
2.795	0.725	0.307500	0.025800
2.795	0.775	0.485000	0.035700
2.795	0.825	0.788100	0.055600
2.795	0.875	1.005700	0.070600
2.795	0.925	1.409300	0.128300
2.795	-0.775	0.002700	0.002800
2.795	-0.700	0.006200	0.002600
2.795	-0.600	0.003800	0.001700
2.795	-0.525	0.005600	0.002500
2.795	-0.425	0.003100	0.001700
2.795	-0.300	0.003300	0.001400
2.795	-0.200	0.001400	0.000800
2.795	-0.100	0.001200	0.000600
2.795	0.000	0.001800	0.000700
2.795	0.100	0.003600	0.001000
2.795	0.200	0.010300	0.001700
2.795	0.300	0.017100	0.002200
2.805	0.375	0.027900	0.004200
2.805	0.425	0.037500	0.005000
2.805	0.475	0.055800	0.006800
2.805	0.525	0.071700	0.008000
2.805	0.575	0.106900	0.010400
2.805	0.625	0.140600	0.013000
2.805	0.675	0.217500	0.018800
2.805	0.725	0.376800	0.028100
2.805	0.775	0.502900	0.033800
2.805	0.825	0.796700	0.050500
2.805	0.875	1.048100	0.071200
2.805	0.925	1.600200	0.148000
2.805	-0.800	0.003400	0.002800
2.805	-0.700	0.002300	0.001400
2.805	-0.600	0.002300	0.001500
2.805	-0.525	0.003100	0.001600
2.805	-0.400	0.001400	0.001000
2.805	-0.300	0.001600	0.000900
2.805	-0.200	0.001800	0.000800
2.805	-0.100	0.002500	0.000700
2.805	0.000	0.002200	0.000800
2.805	0.100	0.003000	0.000800
2.805	0.200	0.010000	0.001600
2.805	0.300	0.020200	0.002400
2.815	0.375	0.021900	0.003700
2.815	0.425	0.038900	0.005000
2.815	0.475	0.041700	0.005700
2.815	0.525	0.070100	0.008100
2.815	0.575	0.111000	0.010700
2.815	0.625	0.153000	0.013300
2.815	0.675	0.243500	0.019900
2.815	0.725	0.304400	0.024300
2.815	0.775	0.471700	0.033200
2.815	0.825	0.758100	0.049800
2.815	0.875	1.153100	0.082300
2.815	0.925	1.846800	0.220800
2.815	-0.800	0.000700	0.001400
2.815	-0.700	0.003100	0.002200
2.815	-0.600	0.001400	0.001100
2.815	-0.500	0.002300	0.001500
2.815	-0.425	0.000900	0.001200
2.815	-0.300	0.001400	0.001000
2.815	-0.225	0.002800	0.001000
2.815	-0.125	0.000900	0.000600
2.815	0.000	0.002100	0.000800
2.815	0.100	0.004600	0.001100
2.815	0.200	0.008000	0.001500
2.815	0.300	0.014200	0.002000
2.825	0.375	0.027800	0.004100
2.825	0.425	0.034400	0.004600
2.825	0.475	0.048400	0.006100
2.825	0.525	0.075400	0.008700
2.825	0.575	0.090500	0.008900
2.825	0.625	0.157200	0.014000
2.825	0.675	0.224600	0.019000
2.825	0.725	0.337200	0.026000
2.825	0.775	0.482100	0.033000
2.825	0.825	0.725800	0.047200
2.825	0.875	1.197700	0.076500
2.825	0.925	1.868600	0.244700
2.825	-0.800	0.006300	0.005400
2.825	-0.700	0.002900	0.001500
2.825	-0.600	0.001800	0.001100
2.825	-0.525	0.002500	0.001200
2.825	-0.400	0.003000	0.001300
2.825	-0.300	0.003000	0.001200
2.825	-0.200	0.001300	0.000700
2.825	-0.100	0.001000	0.000500
2.825	0.000	0.001500	0.000600
2.825	0.100	0.003600	0.000900
2.825	0.200	0.009000	0.001500
2.825	0.300	0.012900	0.001800
2.835	0.375	0.019100	0.003500
2.835	0.425	0.027500	0.004300
2.835	0.475	0.038900	0.005700
2.835	0.525	0.061600	0.007500
2.835	0.575	0.100100	0.009900
2.835	0.625	0.142300	0.012900
2.835	0.675	0.177300	0.016300
2.835	0.725	0.280900	0.022800
2.835	0.775	0.403000	0.028700
2.835	0.825	0.728800	0.054800
2.835	0.875	0.943800	0.071000
2.835	0.925	1.223800	0.135600
2.835	-0.775	0.006200	0.004100
2.835	-0.725	0.009100	0.003300
2.835	-0.625	0.002400	0.001700
2.835	-0.475	0.001700	0.001200
2.835	-0.400	0.001400	0.000900
2.835	-0.300	0.002500	0.001400
2.835	-0.200	0.001600	0.000900
2.835	-0.125	0.000800	0.000500
2.835	0.000	0.001700	0.000700
2.835	0.100	0.004200	0.001000
2.835	0.200	0.006500	0.001300
2.835	0.300	0.013200	0.002000
