      differential cross section:

      [diff]=d\sigma/dcos(theta)/d\phi (phi=0 degree)

      total cross section = \int [diff] dcos(theta)*2. * pi

      W(GeV)       theta(degrees)  [diff] (nb)
    0.45360E+01    0.47495E-01    0.11191E+01
    0.45360E+01    0.10875E+00    0.11191E+01
    0.45360E+01    0.16974E+00    0.11191E+01
    0.45360E+01    0.22981E+00    0.11190E+01
    0.45360E+01    0.28857E+00    0.11189E+01
    0.45360E+01    0.34565E+00    0.11189E+01
    0.45360E+01    0.40072E+00    0.11188E+01
    0.45360E+01    0.45343E+00    0.11187E+01
    0.45360E+01    0.50349E+00    0.11186E+01
    0.45360E+01    0.55060E+00    0.11184E+01
    0.45360E+01    0.59448E+00    0.11183E+01
    0.45360E+01    0.63487E+00    0.11182E+01
    0.45360E+01    0.67154E+00    0.11181E+01
    0.45360E+01    0.70427E+00    0.11180E+01
    0.45360E+01    0.73287E+00    0.11179E+01
    0.45360E+01    0.75716E+00    0.11178E+01
    0.45360E+01    0.77702E+00    0.11178E+01
    0.45360E+01    0.79231E+00    0.11177E+01
    0.45360E+01    0.80296E+00    0.11177E+01
    0.45360E+01    0.80890E+00    0.11176E+01
    0.45360E+01    0.82272E+00    0.11176E+01
    0.45360E+01    0.87351E+00    0.11174E+01
    0.45360E+01    0.95702E+00    0.11170E+01
    0.45360E+01    0.10639E+01    0.11166E+01
    0.45360E+01    0.11858E+01    0.11159E+01
    0.45360E+01    0.13160E+01    0.11152E+01
    0.45360E+01    0.14498E+01    0.11144E+01
    0.45360E+01    0.15834E+01    0.11134E+01
    0.45360E+01    0.17141E+01    0.11125E+01
    0.45360E+01    0.18399E+01    0.11115E+01
    0.45360E+01    0.19590E+01    0.11105E+01
    0.45360E+01    0.20699E+01    0.11094E+01
    0.45360E+01    0.21716E+01    0.11085E+01
    0.45360E+01    0.22630E+01    0.11076E+01
    0.45360E+01    0.23433E+01    0.11067E+01
    0.45360E+01    0.24118E+01    0.11060E+01
    0.45360E+01    0.24680E+01    0.11054E+01
    0.45360E+01    0.25114E+01    0.11049E+01
    0.45360E+01    0.25417E+01    0.11046E+01
    0.45360E+01    0.25586E+01    0.11044E+01
    0.45360E+01    0.26019E+01    0.11039E+01
    0.45360E+01    0.27625E+01    0.11020E+01
    0.45360E+01    0.30267E+01    0.10986E+01
    0.45360E+01    0.33648E+01    0.10938E+01
    0.45360E+01    0.37504E+01    0.10878E+01
    0.45360E+01    0.41625E+01    0.10807E+01
    0.45360E+01    0.45857E+01    0.10727E+01
    0.45360E+01    0.50085E+01    0.10640E+01
    0.45360E+01    0.54224E+01    0.10549E+01
    0.45360E+01    0.58206E+01    0.10456E+01
    0.45360E+01    0.61975E+01    0.10363E+01
    0.45360E+01    0.65489E+01    0.10272E+01
    0.45360E+01    0.68708E+01    0.10185E+01
    0.45360E+01    0.71604E+01    0.10104E+01
    0.45360E+01    0.74148E+01    0.10031E+01
    0.45360E+01    0.76320E+01    0.99675E+00
    0.45360E+01    0.78101E+01    0.99144E+00
    0.45360E+01    0.79476E+01    0.98728E+00
    0.45360E+01    0.80435E+01    0.98435E+00
    0.45360E+01    0.80970E+01    0.98270E+00
    0.45360E+01    0.82342E+01    0.97846E+00
    0.45360E+01    0.87435E+01    0.96230E+00
    0.45360E+01    0.95812E+01    0.93451E+00
    0.45360E+01    0.10654E+02    0.89707E+00
    0.45360E+01    0.11879E+02    0.85247E+00
    0.45360E+01    0.13189E+02    0.80335E+00
    0.45360E+01    0.14536E+02    0.75226E+00
    0.45360E+01    0.15884E+02    0.70138E+00
    0.45360E+01    0.17205E+02    0.65249E+00
    0.45360E+01    0.18478E+02    0.60685E+00
    0.45360E+01    0.19685E+02    0.56528E+00
    0.45360E+01    0.20812E+02    0.52824E+00
    0.45360E+01    0.21847E+02    0.49588E+00
    0.45360E+01    0.22778E+02    0.46816E+00
    0.45360E+01    0.23598E+02    0.44492E+00
    0.45360E+01    0.24298E+02    0.42591E+00
    0.45360E+01    0.24873E+02    0.41091E+00
    0.45360E+01    0.25318E+02    0.39968E+00
    0.45360E+01    0.25628E+02    0.39204E+00
    0.45360E+01    0.25801E+02    0.38783E+00
    0.45360E+01    0.26245E+02    0.37727E+00
    0.45360E+01    0.27897E+02    0.34073E+00
    0.45360E+01    0.30627E+02    0.28921E+00
    0.45360E+01    0.34147E+02    0.23704E+00
    0.45360E+01    0.38201E+02    0.19278E+00
    0.45360E+01    0.42589E+02    0.15861E+00
    0.45360E+01    0.47165E+02    0.13310E+00
    0.45360E+01    0.51817E+02    0.11390E+00
    0.45360E+01    0.56461E+02    0.99048E-01
    0.45360E+01    0.61024E+02    0.87201E-01
    0.45360E+01    0.65445E+02    0.77554E-01
    0.45360E+01    0.69666E+02    0.69618E-01
    0.45360E+01    0.73630E+02    0.63077E-01
    0.45360E+01    0.77284E+02    0.57714E-01
    0.45360E+01    0.80574E+02    0.53366E-01
    0.45360E+01    0.83445E+02    0.49904E-01
    0.45360E+01    0.85848E+02    0.47229E-01
    0.45360E+01    0.87736E+02    0.45258E-01
    0.45360E+01    0.89071E+02    0.43932E-01
    0.45360E+01    0.89823E+02    0.43209E-01
    0.45360E+01    0.90098E+02    0.42948E-01
    0.45360E+01    0.90516E+02    0.42556E-01
    0.45360E+01    0.91257E+02    0.41874E-01
    0.45360E+01    0.92305E+02    0.40936E-01
    0.45360E+01    0.93636E+02    0.39787E-01
    0.45360E+01    0.95220E+02    0.38479E-01
    0.45360E+01    0.97024E+02    0.37068E-01
    0.45360E+01    0.99008E+02    0.35604E-01
    0.45360E+01    0.10113E+03    0.34135E-01
    0.45360E+01    0.10335E+03    0.32702E-01
    0.45360E+01    0.10561E+03    0.31338E-01
    0.45360E+01    0.10788E+03    0.30067E-01
    0.45360E+01    0.11009E+03    0.28909E-01
    0.45360E+01    0.11219E+03    0.27878E-01
    0.45360E+01    0.11414E+03    0.26981E-01
    0.45360E+01    0.11589E+03    0.26224E-01
    0.45360E+01    0.11737E+03    0.25610E-01
    0.45360E+01    0.11856E+03    0.25141E-01
    0.45360E+01    0.11941E+03    0.24816E-01
    0.45360E+01    0.11989E+03    0.24636E-01
    0.45360E+01    0.12011E+03    0.24552E-01
    0.45360E+01    0.12060E+03    0.24374E-01
    0.45360E+01    0.12146E+03    0.24064E-01
    0.45360E+01    0.12270E+03    0.23635E-01
    0.45360E+01    0.12429E+03    0.23106E-01
    0.45360E+01    0.12623E+03    0.22501E-01
    0.45360E+01    0.12848E+03    0.21842E-01
    0.45360E+01    0.13104E+03    0.21153E-01
    0.45360E+01    0.13387E+03    0.20456E-01
    0.45360E+01    0.13696E+03    0.19769E-01
    0.45360E+01    0.14028E+03    0.19109E-01
    0.45360E+01    0.14380E+03    0.18486E-01
    0.45360E+01    0.14750E+03    0.17911E-01
    0.45360E+01    0.15137E+03    0.17393E-01
    0.45360E+01    0.15537E+03    0.16937E-01
    0.45360E+01    0.15949E+03    0.16552E-01
    0.45360E+01    0.16369E+03    0.16241E-01
    0.45360E+01    0.16798E+03    0.16005E-01
    0.45360E+01    0.17230E+03    0.15845E-01
    0.45360E+01    0.17664E+03    0.15758E-01

---
    0.45860E+01    0.47495E-01    0.13953E+01
    0.45860E+01    0.10875E+00    0.13953E+01
    0.45860E+01    0.16974E+00    0.13952E+01
    0.45860E+01    0.22981E+00    0.13951E+01
    0.45860E+01    0.28857E+00    0.13950E+01
    0.45860E+01    0.34565E+00    0.13949E+01
    0.45860E+01    0.40072E+00    0.13948E+01
    0.45860E+01    0.45343E+00    0.13946E+01
    0.45860E+01    0.50349E+00    0.13945E+01
    0.45860E+01    0.55060E+00    0.13943E+01
    0.45860E+01    0.59448E+00    0.13942E+01
    0.45860E+01    0.63487E+00    0.13940E+01
    0.45860E+01    0.67154E+00    0.13939E+01
    0.45860E+01    0.70427E+00    0.13937E+01
    0.45860E+01    0.73287E+00    0.13936E+01
    0.45860E+01    0.75716E+00    0.13935E+01
    0.45860E+01    0.77702E+00    0.13934E+01
    0.45860E+01    0.79231E+00    0.13933E+01
    0.45860E+01    0.80296E+00    0.13933E+01
    0.45860E+01    0.80890E+00    0.13932E+01
    0.45860E+01    0.82272E+00    0.13932E+01
    0.45860E+01    0.87351E+00    0.13929E+01
    0.45860E+01    0.95702E+00    0.13924E+01
    0.45860E+01    0.10639E+01    0.13917E+01
    0.45860E+01    0.11858E+01    0.13909E+01
    0.45860E+01    0.13160E+01    0.13898E+01
    0.45860E+01    0.14498E+01    0.13887E+01
    0.45860E+01    0.15834E+01    0.13874E+01
    0.45860E+01    0.17141E+01    0.13861E+01
    0.45860E+01    0.18399E+01    0.13847E+01
    0.45860E+01    0.19590E+01    0.13832E+01
    0.45860E+01    0.20699E+01    0.13818E+01
    0.45860E+01    0.21716E+01    0.13805E+01
    0.45860E+01    0.22630E+01    0.13792E+01
    0.45860E+01    0.23433E+01    0.13781E+01
    0.45860E+01    0.24118E+01    0.13771E+01
    0.45860E+01    0.24680E+01    0.13762E+01
    0.45860E+01    0.25114E+01    0.13756E+01
    0.45860E+01    0.25417E+01    0.13751E+01
    0.45860E+01    0.25586E+01    0.13748E+01
    0.45860E+01    0.26019E+01    0.13741E+01
    0.45860E+01    0.27625E+01    0.13715E+01
    0.45860E+01    0.30267E+01    0.13667E+01
    0.45860E+01    0.33648E+01    0.13601E+01
    0.45860E+01    0.37504E+01    0.13518E+01
    0.45860E+01    0.41625E+01    0.13420E+01
    0.45860E+01    0.45857E+01    0.13309E+01
    0.45860E+01    0.50085E+01    0.13190E+01
    0.45860E+01    0.54224E+01    0.13064E+01
    0.45860E+01    0.58206E+01    0.12935E+01
    0.45860E+01    0.61975E+01    0.12807E+01
    0.45860E+01    0.65489E+01    0.12682E+01
    0.45860E+01    0.68708E+01    0.12562E+01
    0.45860E+01    0.71604E+01    0.12451E+01
    0.45860E+01    0.74148E+01    0.12351E+01
    0.45860E+01    0.76320E+01    0.12264E+01
    0.45860E+01    0.78101E+01    0.12192E+01
    0.45860E+01    0.79476E+01    0.12135E+01
    0.45860E+01    0.80435E+01    0.12095E+01
    0.45860E+01    0.80970E+01    0.12072E+01
    0.45860E+01    0.82342E+01    0.12014E+01
    0.45860E+01    0.87435E+01    0.11794E+01
    0.45860E+01    0.95812E+01    0.11415E+01
    0.45860E+01    0.10654E+02    0.10908E+01
    0.45860E+01    0.11879E+02    0.10308E+01
    0.45860E+01    0.13189E+02    0.96511E+00
    0.45860E+01    0.14536E+02    0.89732E+00
    0.45860E+01    0.15884E+02    0.83041E+00
    0.45860E+01    0.17205E+02    0.76668E+00
    0.45860E+01    0.18478E+02    0.70772E+00
    0.45860E+01    0.19685E+02    0.65451E+00
    0.45860E+01    0.20812E+02    0.60750E+00
    0.45860E+01    0.21847E+02    0.56676E+00
    0.45860E+01    0.22778E+02    0.53213E+00
    0.45860E+01    0.23598E+02    0.50328E+00
    0.45860E+01    0.24298E+02    0.47984E+00
    0.45860E+01    0.24873E+02    0.46143E+00
    0.45860E+01    0.25318E+02    0.44770E+00
    0.45860E+01    0.25628E+02    0.43838E+00
    0.45860E+01    0.25801E+02    0.43327E+00
    0.45860E+01    0.26245E+02    0.42045E+00
    0.45860E+01    0.27897E+02    0.37644E+00
    0.45860E+01    0.30627E+02    0.31543E+00
    0.45860E+01    0.34147E+02    0.25502E+00
    0.45860E+01    0.38201E+02    0.20501E+00
    0.45860E+01    0.42589E+02    0.16724E+00
    0.45860E+01    0.47165E+02    0.13948E+00
    0.45860E+01    0.51817E+02    0.11876E+00
    0.45860E+01    0.56461E+02    0.10276E+00
    0.45860E+01    0.61024E+02    0.90002E-01
    0.45860E+01    0.65445E+02    0.79633E-01
    0.45860E+01    0.69666E+02    0.71127E-01
    0.45860E+01    0.73630E+02    0.64145E-01
    0.45860E+01    0.77284E+02    0.58443E-01
    0.45860E+01    0.80574E+02    0.53840E-01
    0.45860E+01    0.83445E+02    0.50189E-01
    0.45860E+01    0.85848E+02    0.47377E-01
    0.45860E+01    0.87736E+02    0.45313E-01
    0.45860E+01    0.89071E+02    0.43927E-01
    0.45860E+01    0.89823E+02    0.43172E-01
    0.45860E+01    0.90098E+02    0.42900E-01
    0.45860E+01    0.90516E+02    0.42492E-01
    0.45860E+01    0.91257E+02    0.41781E-01
    0.45860E+01    0.92305E+02    0.40805E-01
    0.45860E+01    0.93636E+02    0.39612E-01
    0.45860E+01    0.95220E+02    0.38258E-01
    0.45860E+01    0.97024E+02    0.36799E-01
    0.45860E+01    0.99008E+02    0.35291E-01
    0.45860E+01    0.10113E+03    0.33783E-01
    0.45860E+01    0.10335E+03    0.32315E-01
    0.45860E+01    0.10561E+03    0.30921E-01
    0.45860E+01    0.10788E+03    0.29626E-01
    0.45860E+01    0.11009E+03    0.28448E-01
    0.45860E+01    0.11219E+03    0.27401E-01
    0.45860E+01    0.11414E+03    0.26492E-01
    0.45860E+01    0.11589E+03    0.25725E-01
    0.45860E+01    0.11737E+03    0.25105E-01
    0.45860E+01    0.11856E+03    0.24631E-01
    0.45860E+01    0.11941E+03    0.24303E-01
    0.45860E+01    0.11989E+03    0.24121E-01
    0.45860E+01    0.12011E+03    0.24036E-01
    0.45860E+01    0.12060E+03    0.23857E-01
    0.45860E+01    0.12146E+03    0.23544E-01
    0.45860E+01    0.12270E+03    0.23112E-01
    0.45860E+01    0.12429E+03    0.22581E-01
    0.45860E+01    0.12623E+03    0.21973E-01
    0.45860E+01    0.12848E+03    0.21312E-01
    0.45860E+01    0.13104E+03    0.20624E-01
    0.45860E+01    0.13387E+03    0.19929E-01
    0.45860E+01    0.13696E+03    0.19245E-01
    0.45860E+01    0.14028E+03    0.18589E-01
    0.45860E+01    0.14380E+03    0.17970E-01
    0.45860E+01    0.14750E+03    0.17399E-01
    0.45860E+01    0.15137E+03    0.16883E-01
    0.45860E+01    0.15537E+03    0.16429E-01
    0.45860E+01    0.15949E+03    0.16046E-01
    0.45860E+01    0.16369E+03    0.15739E-01
    0.45860E+01    0.16798E+03    0.15510E-01
    0.45860E+01    0.17230E+03    0.15355E-01
    0.45860E+01    0.17664E+03    0.15272E-01

---
    0.46360E+01    0.47495E-01    0.17137E+01
    0.46360E+01    0.10875E+00    0.17137E+01
    0.46360E+01    0.16974E+00    0.17136E+01
    0.46360E+01    0.22981E+00    0.17135E+01
    0.46360E+01    0.28857E+00    0.17134E+01
    0.46360E+01    0.34565E+00    0.17132E+01
    0.46360E+01    0.40072E+00    0.17131E+01
    0.46360E+01    0.45343E+00    0.17129E+01
    0.46360E+01    0.50349E+00    0.17127E+01
    0.46360E+01    0.55060E+00    0.17125E+01
    0.46360E+01    0.59448E+00    0.17122E+01
    0.46360E+01    0.63487E+00    0.17120E+01
    0.46360E+01    0.67154E+00    0.17118E+01
    0.46360E+01    0.70427E+00    0.17116E+01
    0.46360E+01    0.73287E+00    0.17115E+01
    0.46360E+01    0.75716E+00    0.17113E+01
    0.46360E+01    0.77702E+00    0.17112E+01
    0.46360E+01    0.79231E+00    0.17111E+01
    0.46360E+01    0.80296E+00    0.17110E+01
    0.46360E+01    0.80890E+00    0.17109E+01
    0.46360E+01    0.82272E+00    0.17109E+01
    0.46360E+01    0.87351E+00    0.17105E+01
    0.46360E+01    0.95702E+00    0.17098E+01
    0.46360E+01    0.10639E+01    0.17089E+01
    0.46360E+01    0.11858E+01    0.17077E+01
    0.46360E+01    0.13160E+01    0.17064E+01
    0.46360E+01    0.14498E+01    0.17048E+01
    0.46360E+01    0.15834E+01    0.17031E+01
    0.46360E+01    0.17141E+01    0.17012E+01
    0.46360E+01    0.18399E+01    0.16993E+01
    0.46360E+01    0.19590E+01    0.16974E+01
    0.46360E+01    0.20699E+01    0.16955E+01
    0.46360E+01    0.21716E+01    0.16937E+01
    0.46360E+01    0.22630E+01    0.16920E+01
    0.46360E+01    0.23433E+01    0.16904E+01
    0.46360E+01    0.24118E+01    0.16891E+01
    0.46360E+01    0.24680E+01    0.16879E+01
    0.46360E+01    0.25114E+01    0.16870E+01
    0.46360E+01    0.25417E+01    0.16864E+01
    0.46360E+01    0.25586E+01    0.16860E+01
    0.46360E+01    0.26019E+01    0.16851E+01
    0.46360E+01    0.27625E+01    0.16815E+01
    0.46360E+01    0.30267E+01    0.16751E+01
    0.46360E+01    0.33648E+01    0.16661E+01
    0.46360E+01    0.37504E+01    0.16549E+01
    0.46360E+01    0.41625E+01    0.16416E+01
    0.46360E+01    0.45857E+01    0.16267E+01
    0.46360E+01    0.50085E+01    0.16106E+01
    0.46360E+01    0.54224E+01    0.15937E+01
    0.46360E+01    0.58206E+01    0.15764E+01
    0.46360E+01    0.61975E+01    0.15591E+01
    0.46360E+01    0.65489E+01    0.15423E+01
    0.46360E+01    0.68708E+01    0.15263E+01
    0.46360E+01    0.71604E+01    0.15115E+01
    0.46360E+01    0.74148E+01    0.14982E+01
    0.46360E+01    0.76320E+01    0.14865E+01
    0.46360E+01    0.78101E+01    0.14768E+01
    0.46360E+01    0.79476E+01    0.14692E+01
    0.46360E+01    0.80435E+01    0.14639E+01
    0.46360E+01    0.80970E+01    0.14609E+01
    0.46360E+01    0.82342E+01    0.14531E+01
    0.46360E+01    0.87435E+01    0.14238E+01
    0.46360E+01    0.95812E+01    0.13736E+01
    0.46360E+01    0.10654E+02    0.13067E+01
    0.46360E+01    0.11879E+02    0.12278E+01
    0.46360E+01    0.13189E+02    0.11422E+01
    0.46360E+01    0.14536E+02    0.10545E+01
    0.46360E+01    0.15884E+02    0.96867E+00
    0.46360E+01    0.17205E+02    0.88765E+00
    0.46360E+01    0.18478E+02    0.81337E+00
    0.46360E+01    0.19685E+02    0.74693E+00
    0.46360E+01    0.20812E+02    0.68872E+00
    0.46360E+01    0.21847E+02    0.63868E+00
    0.46360E+01    0.22778E+02    0.59646E+00
    0.46360E+01    0.23598E+02    0.56152E+00
    0.46360E+01    0.24298E+02    0.53329E+00
    0.46360E+01    0.24873E+02    0.51122E+00
    0.46360E+01    0.25318E+02    0.49483E+00
    0.46360E+01    0.25628E+02    0.48373E+00
    0.46360E+01    0.25801E+02    0.47765E+00
    0.46360E+01    0.26245E+02    0.46246E+00
    0.46360E+01    0.27897E+02    0.41069E+00
    0.46360E+01    0.30627E+02    0.34003E+00
    0.46360E+01    0.34147E+02    0.27155E+00
    0.46360E+01    0.38201E+02    0.21614E+00
    0.46360E+01    0.42589E+02    0.17509E+00
    0.46360E+01    0.47165E+02    0.14529E+00
    0.46360E+01    0.51817E+02    0.12315E+00
    0.46360E+01    0.56461E+02    0.10605E+00
    0.46360E+01    0.61024E+02    0.92425E-01
    0.46360E+01    0.65445E+02    0.81364E-01
    0.46360E+01    0.69666E+02    0.72323E-01
    0.46360E+01    0.73630E+02    0.64932E-01
    0.46360E+01    0.77284E+02    0.58924E-01
    0.46360E+01    0.80574E+02    0.54092E-01
    0.46360E+01    0.83445E+02    0.50275E-01
    0.46360E+01    0.85848E+02    0.47345E-01
    0.46360E+01    0.87736E+02    0.45199E-01
    0.46360E+01    0.89071E+02    0.43762E-01
    0.46360E+01    0.89823E+02    0.42981E-01
    0.46360E+01    0.90098E+02    0.42699E-01
    0.46360E+01    0.90516E+02    0.42277E-01
    0.46360E+01    0.91257E+02    0.41543E-01
    0.46360E+01    0.92305E+02    0.40536E-01
    0.46360E+01    0.93636E+02    0.39307E-01
    0.46360E+01    0.95220E+02    0.37916E-01
    0.46360E+01    0.97024E+02    0.36421E-01
    0.46360E+01    0.99008E+02    0.34880E-01
    0.46360E+01    0.10113E+03    0.33342E-01
    0.46360E+01    0.10335E+03    0.31850E-01
    0.46360E+01    0.10561E+03    0.30437E-01
    0.46360E+01    0.10788E+03    0.29127E-01
    0.46360E+01    0.11009E+03    0.27938E-01
    0.46360E+01    0.11219E+03    0.26882E-01
    0.46360E+01    0.11414E+03    0.25966E-01
    0.46360E+01    0.11589E+03    0.25194E-01
    0.46360E+01    0.11737E+03    0.24570E-01
    0.46360E+01    0.11856E+03    0.24094E-01
    0.46360E+01    0.11941E+03    0.23765E-01
    0.46360E+01    0.11989E+03    0.23582E-01
    0.46360E+01    0.12011E+03    0.23497E-01
    0.46360E+01    0.12060E+03    0.23317E-01
    0.46360E+01    0.12146E+03    0.23004E-01
    0.46360E+01    0.12270E+03    0.22571E-01
    0.46360E+01    0.12429E+03    0.22039E-01
    0.46360E+01    0.12623E+03    0.21431E-01
    0.46360E+01    0.12848E+03    0.20773E-01
    0.46360E+01    0.13104E+03    0.20088E-01
    0.46360E+01    0.13387E+03    0.19399E-01
    0.46360E+01    0.13696E+03    0.18723E-01
    0.46360E+01    0.14028E+03    0.18074E-01
    0.46360E+01    0.14380E+03    0.17462E-01
    0.46360E+01    0.14750E+03    0.16896E-01
    0.46360E+01    0.15137E+03    0.16383E-01
    0.46360E+01    0.15537E+03    0.15933E-01
    0.46360E+01    0.15949E+03    0.15553E-01
    0.46360E+01    0.16369E+03    0.15251E-01
    0.46360E+01    0.16798E+03    0.15029E-01
    0.46360E+01    0.17230E+03    0.14883E-01
    0.46360E+01    0.17664E+03    0.14805E-01

---
    0.46860E+01    0.47495E-01    0.20769E+01
    0.46860E+01    0.10875E+00    0.20769E+01
    0.46860E+01    0.16974E+00    0.20768E+01
    0.46860E+01    0.22981E+00    0.20766E+01
    0.46860E+01    0.28857E+00    0.20765E+01
    0.46860E+01    0.34565E+00    0.20763E+01
    0.46860E+01    0.40072E+00    0.20760E+01
    0.46860E+01    0.45343E+00    0.20758E+01
    0.46860E+01    0.50349E+00    0.20755E+01
    0.46860E+01    0.55060E+00    0.20752E+01
    0.46860E+01    0.59448E+00    0.20749E+01
    0.46860E+01    0.63487E+00    0.20747E+01
    0.46860E+01    0.67154E+00    0.20744E+01
    0.46860E+01    0.70427E+00    0.20741E+01
    0.46860E+01    0.73287E+00    0.20739E+01
    0.46860E+01    0.75716E+00    0.20737E+01
    0.46860E+01    0.77702E+00    0.20735E+01
    0.46860E+01    0.79231E+00    0.20734E+01
    0.46860E+01    0.80296E+00    0.20733E+01
    0.46860E+01    0.80890E+00    0.20732E+01
    0.46860E+01    0.82272E+00    0.20731E+01
    0.46860E+01    0.87351E+00    0.20726E+01
    0.46860E+01    0.95702E+00    0.20717E+01
    0.46860E+01    0.10639E+01    0.20705E+01
    0.46860E+01    0.11858E+01    0.20690E+01
    0.46860E+01    0.13160E+01    0.20671E+01
    0.46860E+01    0.14498E+01    0.20650E+01
    0.46860E+01    0.15834E+01    0.20628E+01
    0.46860E+01    0.17141E+01    0.20603E+01
    0.46860E+01    0.18399E+01    0.20578E+01
    0.46860E+01    0.19590E+01    0.20553E+01
    0.46860E+01    0.20699E+01    0.20528E+01
    0.46860E+01    0.21716E+01    0.20504E+01
    0.46860E+01    0.22630E+01    0.20481E+01
    0.46860E+01    0.23433E+01    0.20460E+01
    0.46860E+01    0.24118E+01    0.20442E+01
    0.46860E+01    0.24680E+01    0.20427E+01
    0.46860E+01    0.25114E+01    0.20415E+01
    0.46860E+01    0.25417E+01    0.20406E+01
    0.46860E+01    0.25586E+01    0.20402E+01
    0.46860E+01    0.26019E+01    0.20389E+01
    0.46860E+01    0.27625E+01    0.20341E+01
    0.46860E+01    0.30267E+01    0.20257E+01
    0.46860E+01    0.33648E+01    0.20139E+01
    0.46860E+01    0.37504E+01    0.19990E+01
    0.46860E+01    0.41625E+01    0.19814E+01
    0.46860E+01    0.45857E+01    0.19618E+01
    0.46860E+01    0.50085E+01    0.19405E+01
    0.46860E+01    0.54224E+01    0.19182E+01
    0.46860E+01    0.58206E+01    0.18955E+01
    0.46860E+01    0.61975E+01    0.18728E+01
    0.46860E+01    0.65489E+01    0.18508E+01
    0.46860E+01    0.68708E+01    0.18298E+01
    0.46860E+01    0.71604E+01    0.18104E+01
    0.46860E+01    0.74148E+01    0.17929E+01
    0.46860E+01    0.76320E+01    0.17777E+01
    0.46860E+01    0.78101E+01    0.17650E+01
    0.46860E+01    0.79476E+01    0.17551E+01
    0.46860E+01    0.80435E+01    0.17481E+01
    0.46860E+01    0.80970E+01    0.17442E+01
    0.46860E+01    0.82342E+01    0.17341E+01
    0.46860E+01    0.87435E+01    0.16959E+01
    0.46860E+01    0.95812E+01    0.16308E+01
    0.46860E+01    0.10654E+02    0.15443E+01
    0.46860E+01    0.11879E+02    0.14430E+01
    0.46860E+01    0.13189E+02    0.13338E+01
    0.46860E+01    0.14536E+02    0.12228E+01
    0.46860E+01    0.15884E+02    0.11151E+01
    0.46860E+01    0.17205E+02    0.10143E+01
    0.46860E+01    0.18478E+02    0.92273E+00
    0.46860E+01    0.19685E+02    0.84151E+00
    0.46860E+01    0.20812E+02    0.77097E+00
    0.46860E+01    0.21847E+02    0.71080E+00
    0.46860E+01    0.22778E+02    0.66038E+00
    0.46860E+01    0.23598E+02    0.61893E+00
    0.46860E+01    0.24298E+02    0.58563E+00
    0.46860E+01    0.24873E+02    0.55972E+00
    0.46860E+01    0.25318E+02    0.54055E+00
    0.46860E+01    0.25628E+02    0.52761E+00
    0.46860E+01    0.25801E+02    0.52053E+00
    0.46860E+01    0.26245E+02    0.50288E+00
    0.46860E+01    0.27897E+02    0.44317E+00
    0.46860E+01    0.30627E+02    0.36290E+00
    0.46860E+01    0.34147E+02    0.28667E+00
    0.46860E+01    0.38201E+02    0.22625E+00
    0.46860E+01    0.42589E+02    0.18225E+00
    0.46860E+01    0.47165E+02    0.15060E+00
    0.46860E+01    0.51817E+02    0.12713E+00
    0.46860E+01    0.56461E+02    0.10898E+00
    0.46860E+01    0.61024E+02    0.94509E-01
    0.46860E+01    0.65445E+02    0.82788E-01
    0.46860E+01    0.69666E+02    0.73244E-01
    0.46860E+01    0.73630E+02    0.65479E-01
    0.46860E+01    0.77284E+02    0.59194E-01
    0.46860E+01    0.80574E+02    0.54160E-01
    0.46860E+01    0.83445E+02    0.50198E-01
    0.46860E+01    0.85848E+02    0.47165E-01
    0.46860E+01    0.87736E+02    0.44951E-01
    0.46860E+01    0.89071E+02    0.43471E-01
    0.46860E+01    0.89823E+02    0.42668E-01
    0.46860E+01    0.90098E+02    0.42378E-01
    0.46860E+01    0.90516E+02    0.41945E-01
    0.46860E+01    0.91257E+02    0.41192E-01
    0.46860E+01    0.92305E+02    0.40160E-01
    0.46860E+01    0.93636E+02    0.38903E-01
    0.46860E+01    0.95220E+02    0.37483E-01
    0.46860E+01    0.97024E+02    0.35961E-01
    0.46860E+01    0.99008E+02    0.34396E-01
    0.46860E+01    0.10113E+03    0.32839E-01
    0.46860E+01    0.10335E+03    0.31333E-01
    0.46860E+01    0.10561E+03    0.29910E-01
    0.46860E+01    0.10788E+03    0.28592E-01
    0.46860E+01    0.11009E+03    0.27398E-01
    0.46860E+01    0.11219E+03    0.26338E-01
    0.46860E+01    0.11414E+03    0.25420E-01
    0.46860E+01    0.11589E+03    0.24647E-01
    0.46860E+01    0.11737E+03    0.24022E-01
    0.46860E+01    0.11856E+03    0.23546E-01
    0.46860E+01    0.11941E+03    0.23216E-01
    0.46860E+01    0.11989E+03    0.23034E-01
    0.46860E+01    0.12011E+03    0.22948E-01
    0.46860E+01    0.12060E+03    0.22769E-01
    0.46860E+01    0.12146E+03    0.22455E-01
    0.46860E+01    0.12270E+03    0.22023E-01
    0.46860E+01    0.12429E+03    0.21493E-01
    0.46860E+01    0.12623E+03    0.20888E-01
    0.46860E+01    0.12848E+03    0.20235E-01
    0.46860E+01    0.13104E+03    0.19556E-01
    0.46860E+01    0.13387E+03    0.18876E-01
    0.46860E+01    0.13696E+03    0.18210E-01
    0.46860E+01    0.14028E+03    0.17571E-01
    0.46860E+01    0.14380E+03    0.16969E-01
    0.46860E+01    0.14750E+03    0.16409E-01
    0.46860E+01    0.15137E+03    0.15900E-01
    0.46860E+01    0.15537E+03    0.15451E-01
    0.46860E+01    0.15949E+03    0.15075E-01
    0.46860E+01    0.16369E+03    0.14780E-01
    0.46860E+01    0.16798E+03    0.14567E-01
    0.46860E+01    0.17230E+03    0.14430E-01
    0.46860E+01    0.17664E+03    0.14360E-01

---
    0.47360E+01    0.47495E-01    0.24870E+01
    0.47360E+01    0.10875E+00    0.24869E+01
    0.47360E+01    0.16974E+00    0.24868E+01
    0.47360E+01    0.22981E+00    0.24866E+01
    0.47360E+01    0.28857E+00    0.24864E+01
    0.47360E+01    0.34565E+00    0.24861E+01
    0.47360E+01    0.40072E+00    0.24858E+01
    0.47360E+01    0.45343E+00    0.24855E+01
    0.47360E+01    0.50349E+00    0.24851E+01
    0.47360E+01    0.55060E+00    0.24848E+01
    0.47360E+01    0.59448E+00    0.24844E+01
    0.47360E+01    0.63487E+00    0.24840E+01
    0.47360E+01    0.67154E+00    0.24837E+01
    0.47360E+01    0.70427E+00    0.24833E+01
    0.47360E+01    0.73287E+00    0.24830E+01
    0.47360E+01    0.75716E+00    0.24828E+01
    0.47360E+01    0.77702E+00    0.24825E+01
    0.47360E+01    0.79231E+00    0.24824E+01
    0.47360E+01    0.80296E+00    0.24822E+01
    0.47360E+01    0.80890E+00    0.24822E+01
    0.47360E+01    0.82272E+00    0.24820E+01
    0.47360E+01    0.87351E+00    0.24814E+01
    0.47360E+01    0.95702E+00    0.24802E+01
    0.47360E+01    0.10639E+01    0.24786E+01
    0.47360E+01    0.11858E+01    0.24766E+01
    0.47360E+01    0.13160E+01    0.24742E+01
    0.47360E+01    0.14498E+01    0.24715E+01
    0.47360E+01    0.15834E+01    0.24685E+01
    0.47360E+01    0.17141E+01    0.24654E+01
    0.47360E+01    0.18399E+01    0.24621E+01
    0.47360E+01    0.19590E+01    0.24588E+01
    0.47360E+01    0.20699E+01    0.24556E+01
    0.47360E+01    0.21716E+01    0.24524E+01
    0.47360E+01    0.22630E+01    0.24495E+01
    0.47360E+01    0.23433E+01    0.24468E+01
    0.47360E+01    0.24118E+01    0.24444E+01
    0.47360E+01    0.24680E+01    0.24424E+01
    0.47360E+01    0.25114E+01    0.24409E+01
    0.47360E+01    0.25417E+01    0.24398E+01
    0.47360E+01    0.25586E+01    0.24392E+01
    0.47360E+01    0.26019E+01    0.24375E+01
    0.47360E+01    0.27625E+01    0.24313E+01
    0.47360E+01    0.30267E+01    0.24204E+01
    0.47360E+01    0.33648E+01    0.24050E+01
    0.47360E+01    0.37504E+01    0.23857E+01
    0.47360E+01    0.41625E+01    0.23629E+01
    0.47360E+01    0.45857E+01    0.23375E+01
    0.47360E+01    0.50085E+01    0.23100E+01
    0.47360E+01    0.54224E+01    0.22812E+01
    0.47360E+01    0.58206E+01    0.22518E+01
    0.47360E+01    0.61975E+01    0.22226E+01
    0.47360E+01    0.65489E+01    0.21942E+01
    0.47360E+01    0.68708E+01    0.21673E+01
    0.47360E+01    0.71604E+01    0.21423E+01
    0.47360E+01    0.74148E+01    0.21199E+01
    0.47360E+01    0.76320E+01    0.21003E+01
    0.47360E+01    0.78101E+01    0.20841E+01
    0.47360E+01    0.79476E+01    0.20714E+01
    0.47360E+01    0.80435E+01    0.20625E+01
    0.47360E+01    0.80970E+01    0.20575E+01
    0.47360E+01    0.82342E+01    0.20446E+01
    0.47360E+01    0.87435E+01    0.19958E+01
    0.47360E+01    0.95812E+01    0.19129E+01
    0.47360E+01    0.10654E+02    0.18031E+01
    0.47360E+01    0.11879E+02    0.16755E+01
    0.47360E+01    0.13189E+02    0.15388E+01
    0.47360E+01    0.14536E+02    0.14010E+01
    0.47360E+01    0.15884E+02    0.12684E+01
    0.47360E+01    0.17205E+02    0.11454E+01
    0.47360E+01    0.18478E+02    0.10346E+01
    0.47360E+01    0.19685E+02    0.93722E+00
    0.47360E+01    0.20812E+02    0.85330E+00
    0.47360E+01    0.21847E+02    0.78227E+00
    0.47360E+01    0.22778E+02    0.72317E+00
    0.47360E+01    0.23598E+02    0.67489E+00
    0.47360E+01    0.24298E+02    0.63631E+00
    0.47360E+01    0.24873E+02    0.60643E+00
    0.47360E+01    0.25318E+02    0.58440E+00
    0.47360E+01    0.25628E+02    0.56956E+00
    0.47360E+01    0.25801E+02    0.56147E+00
    0.47360E+01    0.26245E+02    0.54131E+00
    0.47360E+01    0.27897E+02    0.47364E+00
    0.47360E+01    0.30627E+02    0.38396E+00
    0.47360E+01    0.34147E+02    0.30038E+00
    0.47360E+01    0.38201E+02    0.23541E+00
    0.47360E+01    0.42589E+02    0.18877E+00
    0.47360E+01    0.47165E+02    0.15545E+00
    0.47360E+01    0.51817E+02    0.13072E+00
    0.47360E+01    0.56461E+02    0.11156E+00
    0.47360E+01    0.61024E+02    0.96270E-01
    0.47360E+01    0.65445E+02    0.83920E-01
    0.47360E+01    0.69666E+02    0.73910E-01
    0.47360E+01    0.73630E+02    0.65807E-01
    0.47360E+01    0.77284E+02    0.59278E-01
    0.47360E+01    0.80574E+02    0.54067E-01
    0.47360E+01    0.83445E+02    0.49979E-01
    0.47360E+01    0.85848E+02    0.46860E-01
    0.47360E+01    0.87736E+02    0.44589E-01
    0.47360E+01    0.89071E+02    0.43074E-01
    0.47360E+01    0.89823E+02    0.42252E-01
    0.47360E+01    0.90098E+02    0.41956E-01
    0.47360E+01    0.90516E+02    0.41514E-01
    0.47360E+01    0.91257E+02    0.40745E-01
    0.47360E+01    0.92305E+02    0.39694E-01
    0.47360E+01    0.93636E+02    0.38416E-01
    0.47360E+01    0.95220E+02    0.36975E-01
    0.47360E+01    0.97024E+02    0.35434E-01
    0.47360E+01    0.99008E+02    0.33855E-01
    0.47360E+01    0.10113E+03    0.32288E-01
    0.47360E+01    0.10335E+03    0.30776E-01
    0.47360E+01    0.10561E+03    0.29350E-01
    0.47360E+01    0.10788E+03    0.28032E-01
    0.47360E+01    0.11009E+03    0.26839E-01
    0.47360E+01    0.11219E+03    0.25780E-01
    0.47360E+01    0.11414E+03    0.24863E-01
    0.47360E+01    0.11589E+03    0.24091E-01
    0.47360E+01    0.11737E+03    0.23468E-01
    0.47360E+01    0.11856E+03    0.22992E-01
    0.47360E+01    0.11941E+03    0.22663E-01
    0.47360E+01    0.11989E+03    0.22481E-01
    0.47360E+01    0.12011E+03    0.22396E-01
    0.47360E+01    0.12060E+03    0.22217E-01
    0.47360E+01    0.12146E+03    0.21905E-01
    0.47360E+01    0.12270E+03    0.21474E-01
    0.47360E+01    0.12429E+03    0.20947E-01
    0.47360E+01    0.12623E+03    0.20347E-01
    0.47360E+01    0.12848E+03    0.19700E-01
    0.47360E+01    0.13104E+03    0.19031E-01
    0.47360E+01    0.13387E+03    0.18361E-01
    0.47360E+01    0.13696E+03    0.17708E-01
    0.47360E+01    0.14028E+03    0.17082E-01
    0.47360E+01    0.14380E+03    0.16490E-01
    0.47360E+01    0.14750E+03    0.15937E-01
    0.47360E+01    0.15137E+03    0.15432E-01
    0.47360E+01    0.15537E+03    0.14986E-01
    0.47360E+01    0.15949E+03    0.14613E-01
    0.47360E+01    0.16369E+03    0.14325E-01
    0.47360E+01    0.16798E+03    0.14123E-01
    0.47360E+01    0.17230E+03    0.13998E-01
    0.47360E+01    0.17664E+03    0.13937E-01
