1.985000	-1.000000	0.000000
1.985000	-0.375000	0.088500
1.985000	-0.275000	0.087200
1.985000	-0.175000	0.054100
1.985000	-0.075000	0.068700
1.985000	0.000000	0.057500
1.985000	0.100000	0.088000
1.985000	0.200000	0.063000
1.985000	0.300000	0.080000
1.985000	0.375000	0.063500
1.985000	0.425000	0.078100
1.985000	0.475000	0.081200
1.985000	0.525000	0.094300
1.985000	0.575000	0.076500
1.985000	0.625000	0.081900
1.985000	0.675000	0.115900
1.985000	0.725000	0.099100
1.985000	0.775000	0.066200
1.985000	0.825000	0.085200
1.985000	1.000000	0.104853
1.995000	-1.000000	0.000000
1.995000	-0.475000	0.047800
1.995000	-0.375000	0.055100
1.995000	-0.275000	0.062200
1.995000	-0.175000	0.053300
1.995000	-0.075000	0.061900
1.995000	0.000000	0.082200
1.995000	0.100000	0.070500
1.995000	0.200000	0.090500
1.995000	0.300000	0.094800
1.995000	0.375000	0.081000
1.995000	0.425000	0.094700
1.995000	0.475000	0.106400
1.995000	0.525000	0.110000
1.995000	0.575000	0.119400
1.995000	0.625000	0.114900
1.995000	0.675000	0.106500
1.995000	0.725000	0.113800
1.995000	0.775000	0.122700
1.995000	0.825000	0.118400
1.995000	0.875000	0.153200
1.995000	1.000000	0.119064
2.005000	-1.000000	0.000000
2.005000	-0.575000	0.038100
2.005000	-0.475000	0.037400
2.005000	-0.375000	0.049000
2.005000	-0.275000	0.046500
2.005000	-0.175000	0.053300
2.005000	-0.075000	0.051200
2.005000	0.000000	0.069100
2.005000	0.100000	0.057300
2.005000	0.200000	0.071300
2.005000	0.300000	0.073900
2.005000	0.375000	0.072400
2.005000	0.425000	0.090900
2.005000	0.475000	0.095300
2.005000	0.525000	0.094200
2.005000	0.575000	0.099400
2.005000	0.625000	0.106300
2.005000	0.675000	0.132000
2.005000	0.725000	0.134100
2.005000	0.775000	0.151400
2.005000	0.825000	0.172700
2.005000	0.875000	0.202600
2.005000	1.000000	0.291081
2.015000	-1.000000	0.000000
2.015000	-0.650000	0.031600
2.015000	-0.575000	0.039200
2.015000	-0.475000	0.047300
2.015000	-0.375000	0.051000
2.015000	-0.275000	0.055300
2.015000	-0.175000	0.050500
2.015000	-0.075000	0.056100
2.015000	0.000000	0.057400
2.015000	0.100000	0.063100
2.015000	0.200000	0.081400
2.015000	0.300000	0.081100
2.015000	0.375000	0.079800
2.015000	0.425000	0.098100
2.015000	0.475000	0.106000
2.015000	0.525000	0.101900
2.015000	0.575000	0.099200
2.015000	0.625000	0.121400
2.015000	0.675000	0.138500
2.015000	0.725000	0.155800
2.015000	0.775000	0.149600
2.015000	0.825000	0.185500
2.015000	0.875000	0.202600
2.015000	0.925000	0.197100
2.015000	1.000000	0.279771
2.025000	-1.000000	0.000000
2.025000	-0.650000	0.065400
2.025000	-0.575000	0.045500
2.025000	-0.475000	0.033800
2.025000	-0.375000	0.046200
2.025000	-0.275000	0.041600
2.025000	-0.175000	0.051500
2.025000	-0.075000	0.048500
2.025000	0.000000	0.055300
2.025000	0.100000	0.051600
2.025000	0.200000	0.059700
2.025000	0.300000	0.069800
2.025000	0.375000	0.079800
2.025000	0.425000	0.077200
2.025000	0.475000	0.094000
2.025000	0.525000	0.098200
2.025000	0.575000	0.101800
2.025000	0.625000	0.124500
2.025000	0.675000	0.132400
2.025000	0.725000	0.137000
2.025000	0.775000	0.169600
2.025000	0.825000	0.159800
2.025000	0.875000	0.190500
2.025000	1.000000	0.234685
2.035000	-1.000000	0.000000
2.035000	-0.675000	0.034700
2.035000	-0.575000	0.056400
2.035000	-0.475000	0.047700
2.035000	-0.375000	0.054500
2.035000	-0.275000	0.057500
2.035000	-0.175000	0.057700
2.035000	-0.075000	0.043800
2.035000	0.000000	0.055100
2.035000	0.100000	0.064300
2.035000	0.200000	0.076000
2.035000	0.300000	0.077300
2.035000	0.375000	0.088100
2.035000	0.425000	0.087400
2.035000	0.475000	0.113900
2.035000	0.525000	0.106900
2.035000	0.575000	0.117800
2.035000	0.625000	0.123500
2.035000	0.675000	0.124900
2.035000	0.725000	0.151300
2.035000	0.775000	0.193600
2.035000	0.825000	0.252100
2.035000	0.875000	0.219700
2.035000	0.925000	0.272300
2.035000	1.000000	0.359339
2.045000	-1.000000	0.000000
2.045000	-0.675000	0.067700
2.045000	-0.575000	0.046100
2.045000	-0.475000	0.057500
2.045000	-0.375000	0.050800
2.045000	-0.275000	0.062000
2.045000	-0.175000	0.057300
2.045000	-0.075000	0.058200
2.045000	0.000000	0.054200
2.045000	0.100000	0.051200
2.045000	0.200000	0.062700
2.045000	0.300000	0.071300
2.045000	0.375000	0.085900
2.045000	0.425000	0.088800
2.045000	0.475000	0.093400
2.045000	0.525000	0.120900
2.045000	0.575000	0.128600
2.045000	0.625000	0.135100
2.045000	0.675000	0.163800
2.045000	0.725000	0.196300
2.045000	0.775000	0.208900
2.045000	0.825000	0.219200
2.045000	0.875000	0.279100
2.045000	0.925000	0.287200
2.045000	1.000000	0.340117
2.055000	-1.000000	0.000000
2.055000	-0.575000	0.056600
2.055000	-0.475000	0.063600
2.055000	-0.375000	0.064200
2.055000	-0.275000	0.059300
2.055000	-0.175000	0.052800
2.055000	-0.075000	0.066200
2.055000	0.000000	0.057000
2.055000	0.100000	0.067200
2.055000	0.200000	0.076400
2.055000	0.300000	0.092800
2.055000	0.375000	0.106700
2.055000	0.425000	0.105100
2.055000	0.475000	0.117400
2.055000	0.525000	0.123100
2.055000	0.575000	0.131900
2.055000	0.625000	0.140300
2.055000	0.675000	0.179000
2.055000	0.725000	0.207400
2.055000	0.775000	0.249600
2.055000	0.825000	0.214700
2.055000	0.875000	0.338500
2.055000	0.925000	0.295400
2.055000	1.000000	0.393427
2.065000	-1.000000	0.000000
2.065000	-0.750000	0.032300
2.065000	-0.675000	0.053300
2.065000	-0.575000	0.048400
2.065000	-0.475000	0.048700
2.065000	-0.375000	0.055200
2.065000	-0.275000	0.053600
2.065000	-0.175000	0.053000
2.065000	-0.075000	0.066500
2.065000	0.000000	0.065900
2.065000	0.100000	0.072500
2.065000	0.200000	0.078400
2.065000	0.300000	0.090500
2.065000	0.375000	0.108600
2.065000	0.425000	0.130200
2.065000	0.475000	0.140000
2.065000	0.525000	0.143100
2.065000	0.575000	0.153600
2.065000	0.625000	0.149200
2.065000	0.675000	0.173300
2.065000	0.725000	0.209900
2.065000	0.775000	0.236700
2.065000	0.825000	0.271500
2.065000	0.875000	0.313000
2.065000	0.925000	0.340400
2.065000	1.000000	0.450652
2.075000	-1.000000	0.000000
2.075000	-0.750000	0.039000
2.075000	-0.675000	0.059100
2.075000	-0.575000	0.056900
2.075000	-0.475000	0.051800
2.075000	-0.375000	0.051400
2.075000	-0.275000	0.059000
2.075000	-0.175000	0.053100
2.075000	-0.075000	0.052400
2.075000	0.000000	0.063300
2.075000	0.100000	0.069900
2.075000	0.200000	0.083600
2.075000	0.300000	0.095400
2.075000	0.375000	0.106600
2.075000	0.425000	0.125100
2.075000	0.475000	0.128700
2.075000	0.525000	0.138000
2.075000	0.575000	0.168900
2.075000	0.625000	0.182400
2.075000	0.675000	0.213600
2.075000	0.725000	0.252500
2.075000	0.775000	0.279600
2.075000	0.825000	0.317200
2.075000	0.875000	0.340200
2.075000	0.925000	0.435200
2.075000	1.000000	0.511803
2.085000	-1.000000	0.000000
2.085000	-0.750000	0.025100
2.085000	-0.675000	0.062500
2.085000	-0.575000	0.067800
2.085000	-0.475000	0.056000
2.085000	-0.375000	0.067300
2.085000	-0.275000	0.060700
2.085000	-0.175000	0.054900
2.085000	-0.075000	0.069200
2.085000	0.000000	0.073300
2.085000	0.100000	0.083500
2.085000	0.200000	0.086000
2.085000	0.300000	0.112200
2.085000	0.375000	0.127500
2.085000	0.425000	0.146700
2.085000	0.475000	0.156500
2.085000	0.525000	0.167400
2.085000	0.575000	0.202100
2.085000	0.625000	0.224600
2.085000	0.675000	0.245400
2.085000	0.725000	0.271700
2.085000	0.775000	0.309900
2.085000	0.825000	0.359200
2.085000	0.875000	0.364100
2.085000	0.925000	0.571500
2.085000	1.000000	0.568112
2.095000	-1.000000	0.000000
2.095000	-0.750000	0.049300
2.095000	-0.675000	0.035700
2.095000	-0.575000	0.049500
2.095000	-0.475000	0.076400
2.095000	-0.375000	0.069600
2.095000	-0.275000	0.072300
2.095000	-0.175000	0.062100
2.095000	-0.075000	0.068600
2.095000	0.000000	0.075000
2.095000	0.100000	0.082600
2.095000	0.200000	0.079500
2.095000	0.300000	0.105800
2.095000	0.375000	0.110600
2.095000	0.425000	0.145300
2.095000	0.475000	0.153000
2.095000	0.525000	0.183700
2.095000	0.575000	0.188300
2.095000	0.625000	0.249100
2.095000	0.675000	0.290400
2.095000	0.725000	0.317800
2.095000	0.775000	0.353100
2.095000	0.825000	0.428300
2.095000	0.875000	0.416500
2.095000	0.925000	0.592600
2.095000	1.000000	0.601581
2.105000	-1.000000	0.000000
2.105000	-0.750000	0.061700
2.105000	-0.675000	0.051600
2.105000	-0.575000	0.066500
2.105000	-0.475000	0.063400
2.105000	-0.375000	0.067900
2.105000	-0.275000	0.058900
2.105000	-0.175000	0.056900
2.105000	-0.075000	0.063500
2.105000	0.000000	0.066600
2.105000	0.100000	0.071300
2.105000	0.200000	0.081700
2.105000	0.300000	0.101400
2.105000	0.375000	0.120200
2.105000	0.425000	0.116000
2.105000	0.475000	0.143100
2.105000	0.525000	0.173700
2.105000	0.575000	0.206100
2.105000	0.625000	0.248300
2.105000	0.675000	0.259400
2.105000	0.725000	0.313700
2.105000	0.775000	0.354300
2.105000	0.825000	0.372500
2.105000	0.875000	0.483200
2.105000	0.925000	0.641900
2.105000	1.000000	0.708101
2.115000	-1.000000	0.000000
2.115000	-0.750000	0.057100
2.115000	-0.675000	0.066800
2.115000	-0.575000	0.064600
2.115000	-0.475000	0.062800
2.115000	-0.375000	0.058200
2.115000	-0.275000	0.072600
2.115000	-0.175000	0.061800
2.115000	-0.075000	0.068400
2.115000	0.000000	0.059300
2.115000	0.100000	0.066200
2.115000	0.200000	0.083100
2.115000	0.300000	0.107700
2.115000	0.375000	0.126300
2.115000	0.425000	0.126500
2.115000	0.475000	0.162800
2.115000	0.525000	0.175500
2.115000	0.575000	0.220400
2.115000	0.625000	0.237300
2.115000	0.675000	0.252900
2.115000	0.725000	0.312800
2.115000	0.775000	0.353500
2.115000	0.825000	0.415600
2.115000	0.875000	0.498300
2.115000	0.925000	0.701000
2.115000	1.000000	0.774325
2.125000	-1.000000	0.000000
2.125000	-0.750000	0.040500
2.125000	-0.675000	0.035400
2.125000	-0.575000	0.066500
2.125000	-0.475000	0.049900
2.125000	-0.375000	0.054500
2.125000	-0.275000	0.052300
2.125000	-0.175000	0.055600
2.125000	-0.075000	0.068700
2.125000	0.000000	0.065500
2.125000	0.100000	0.066700
2.125000	0.200000	0.080500
2.125000	0.300000	0.098000
2.125000	0.375000	0.108400
2.125000	0.425000	0.139900
2.125000	0.475000	0.165500
2.125000	0.525000	0.189000
2.125000	0.575000	0.235900
2.125000	0.625000	0.211200
2.125000	0.675000	0.307300
2.125000	0.725000	0.323100
2.125000	0.775000	0.353300
2.125000	0.825000	0.481700
2.125000	0.875000	0.521500
2.125000	0.925000	0.719900
2.125000	1.000000	0.816590
2.135000	-1.000000	0.000000
2.135000	-0.750000	0.035500
2.135000	-0.675000	0.041800
2.135000	-0.575000	0.052900
2.135000	-0.475000	0.055000
2.135000	-0.375000	0.067000
2.135000	-0.275000	0.063400
2.135000	-0.175000	0.050500
2.135000	-0.075000	0.067900
2.135000	0.000000	0.072900
2.135000	0.100000	0.074700
2.135000	0.200000	0.085800
2.135000	0.300000	0.114500
2.135000	0.375000	0.136000
2.135000	0.425000	0.141900
2.135000	0.475000	0.155700
2.135000	0.525000	0.164800
2.135000	0.575000	0.207900
2.135000	0.625000	0.225800
2.135000	0.675000	0.255500
2.135000	0.725000	0.324900
2.135000	0.775000	0.369100
2.135000	0.825000	0.399900
2.135000	0.875000	0.545200
2.135000	1.000000	0.770008
2.145000	-1.000000	0.000000
2.145000	-0.775000	0.041400
2.145000	-0.675000	0.050000
2.145000	-0.575000	0.034600
2.145000	-0.475000	0.048200
2.145000	-0.375000	0.058300
2.145000	-0.275000	0.055600
2.145000	-0.175000	0.064000
2.145000	-0.075000	0.057300
2.145000	0.000000	0.059400
2.145000	0.100000	0.069000
2.145000	0.200000	0.082000
2.145000	0.300000	0.102000
2.145000	0.375000	0.108400
2.145000	0.425000	0.147300
2.145000	0.475000	0.161100
2.145000	0.525000	0.166400
2.145000	0.575000	0.212600
2.145000	0.625000	0.283400
2.145000	0.675000	0.307200
2.145000	0.725000	0.352200
2.145000	0.775000	0.428900
2.145000	0.825000	0.569700
2.145000	0.875000	0.576900
2.145000	0.925000	0.856300
2.145000	1.000000	1.004973
2.155000	-1.000000	0.000000
2.155000	-0.775000	0.028300
2.155000	-0.675000	0.036300
2.155000	-0.575000	0.048500
2.155000	-0.475000	0.063300
2.155000	-0.375000	0.074300
2.155000	-0.275000	0.053900
2.155000	-0.175000	0.052500
2.155000	-0.075000	0.055900
2.155000	0.000000	0.062100
2.155000	0.100000	0.067700
2.155000	0.200000	0.083100
2.155000	0.300000	0.102300
2.155000	0.375000	0.136200
2.155000	0.425000	0.156800
2.155000	0.475000	0.203700
2.155000	0.525000	0.202500
2.155000	0.575000	0.213200
2.155000	0.625000	0.273800
2.155000	0.675000	0.318200
2.155000	0.725000	0.345200
2.155000	0.775000	0.411700
2.155000	0.825000	0.559400
2.155000	0.875000	0.821800
2.155000	0.925000	0.891900
2.155000	1.000000	1.188414
2.165000	-1.000000	0.000000
2.165000	-0.775000	0.023400
2.165000	-0.675000	0.030300
2.165000	-0.575000	0.042000
2.165000	-0.475000	0.042900
2.165000	-0.375000	0.040800
2.165000	-0.275000	0.053000
2.165000	-0.175000	0.061300
2.165000	-0.075000	0.070800
2.165000	0.000000	0.066200
2.165000	0.100000	0.073900
2.165000	0.200000	0.079700
2.165000	0.300000	0.103700
2.165000	0.375000	0.130400
2.165000	0.425000	0.143100
2.165000	0.475000	0.149900
2.165000	0.525000	0.199000
2.165000	0.575000	0.244000
2.165000	0.625000	0.245700
2.165000	0.675000	0.299100
2.165000	0.725000	0.373600
2.165000	0.775000	0.427100
2.165000	0.825000	0.526700
2.165000	0.875000	0.710400
2.165000	1.000000	1.027791
2.175000	-1.000000	0.000000
2.175000	-0.775000	0.036400
2.175000	-0.675000	0.036600
2.175000	-0.575000	0.040400
2.175000	-0.475000	0.048200
2.175000	-0.375000	0.041000
2.175000	-0.275000	0.053300
2.175000	-0.175000	0.056400
2.175000	-0.075000	0.059300
2.175000	0.000000	0.051600
2.175000	0.100000	0.062700
2.175000	0.200000	0.084200
2.175000	0.300000	0.089700
2.175000	0.375000	0.110000
2.175000	0.425000	0.120500
2.175000	0.475000	0.155300
2.175000	0.525000	0.189000
2.175000	0.575000	0.208300
2.175000	0.625000	0.239300
2.175000	0.675000	0.285400
2.175000	0.725000	0.320000
2.175000	0.775000	0.426500
2.175000	0.825000	0.528500
2.175000	0.875000	0.722700
2.175000	1.000000	1.204298
2.185000	-1.000000	0.000000
2.185000	-0.775000	0.023200
2.185000	-0.675000	0.032300
2.185000	-0.575000	0.035200
2.185000	-0.475000	0.048500
2.185000	-0.375000	0.048700
2.185000	-0.275000	0.058200
2.185000	-0.175000	0.055000
2.185000	-0.075000	0.054700
2.185000	0.000000	0.062500
2.185000	0.100000	0.064400
2.185000	0.200000	0.077400
2.185000	0.300000	0.106300
2.185000	0.375000	0.133600
2.185000	0.425000	0.142300
2.185000	0.475000	0.144900
2.185000	0.525000	0.197200
2.185000	0.575000	0.214300
2.185000	0.625000	0.288900
2.185000	0.675000	0.315400
2.185000	0.725000	0.406100
2.185000	0.775000	0.425100
2.185000	0.825000	0.549700
2.185000	0.875000	0.687500
2.185000	0.925000	1.047200
2.185000	1.000000	1.008734
2.195000	-1.000000	0.000000
2.195000	-0.775000	0.018700
2.195000	-0.675000	0.036900
2.195000	-0.575000	0.039000
2.195000	-0.475000	0.045600
2.195000	-0.375000	0.048400
2.195000	-0.275000	0.056100
2.195000	-0.175000	0.045000
2.195000	-0.075000	0.053700
2.195000	0.000000	0.056000
2.195000	0.100000	0.066100
2.195000	0.200000	0.090400
2.195000	0.300000	0.109100
2.195000	0.375000	0.134400
2.195000	0.425000	0.149300
2.195000	0.475000	0.180700
2.195000	0.525000	0.214400
2.195000	0.575000	0.256100
2.195000	0.625000	0.303500
2.195000	0.675000	0.378500
2.195000	0.725000	0.397400
2.195000	0.775000	0.471000
2.195000	0.825000	0.583500
2.195000	0.875000	0.716500
2.195000	0.925000	0.964400
2.195000	1.000000	1.023577
2.205000	-1.000000	0.000000
2.205000	-0.775000	0.034100
2.205000	-0.675000	0.033600
2.205000	-0.575000	0.046600
2.205000	-0.475000	0.040700
2.205000	-0.375000	0.049900
2.205000	-0.275000	0.061100
2.205000	-0.175000	0.054600
2.205000	-0.075000	0.059900
2.205000	0.000000	0.061600
2.205000	0.100000	0.076200
2.205000	0.200000	0.090100
2.205000	0.300000	0.121900
2.205000	0.375000	0.158600
2.205000	0.425000	0.181600
2.205000	0.475000	0.192100
2.205000	0.525000	0.221600
2.205000	0.575000	0.273800
2.205000	0.625000	0.309000
2.205000	0.675000	0.352500
2.205000	0.725000	0.432400
2.205000	0.775000	0.505800
2.205000	0.825000	0.614800
2.205000	0.875000	0.698300
2.205000	0.925000	1.007900
2.205000	1.000000	1.044445
2.215000	-1.000000	0.000000
2.215000	-0.775000	0.020200
2.215000	-0.675000	0.033800
2.215000	-0.575000	0.027800
2.215000	-0.475000	0.037200
2.215000	-0.375000	0.046800
2.215000	-0.275000	0.040600
2.215000	-0.175000	0.043000
2.215000	-0.075000	0.050200
2.215000	0.000000	0.052000
2.215000	0.100000	0.065100
2.215000	0.200000	0.077600
2.215000	0.300000	0.103000
2.215000	0.375000	0.121100
2.215000	0.425000	0.153700
2.215000	0.475000	0.184100
2.215000	0.525000	0.217600
2.215000	0.575000	0.248600
2.215000	0.625000	0.288600
2.215000	0.675000	0.344400
2.215000	0.725000	0.442400
2.215000	0.775000	0.511600
2.215000	0.825000	0.616100
2.215000	0.875000	0.798700
2.215000	0.925000	1.073900
2.215000	1.000000	1.259430
2.225000	-1.000000	0.000000
2.225000	-0.775000	0.044600
2.225000	-0.675000	0.037300
2.225000	-0.575000	0.035700
2.225000	-0.475000	0.037100
2.225000	-0.375000	0.034400
2.225000	-0.275000	0.048500
2.225000	-0.175000	0.048900
2.225000	-0.075000	0.051800
2.225000	0.000000	0.050500
2.225000	0.100000	0.063000
2.225000	0.200000	0.076300
2.225000	0.300000	0.110000
2.225000	0.375000	0.127100
2.225000	0.425000	0.137800
2.225000	0.475000	0.186600
2.225000	0.525000	0.215600
2.225000	0.575000	0.268300
2.225000	0.625000	0.268700
2.225000	0.675000	0.309400
2.225000	0.725000	0.378900
2.225000	0.775000	0.470900
2.225000	0.825000	0.559400
2.225000	0.875000	0.719100
2.225000	0.925000	1.655800
2.225000	1.000000	1.076895
2.235000	-1.000000	0.000000
2.235000	-0.775000	0.020100
2.235000	-0.675000	0.037000
2.235000	-0.575000	0.039200
2.235000	-0.475000	0.037300
2.235000	-0.375000	0.048000
2.235000	-0.275000	0.043000
2.235000	-0.175000	0.050000
2.235000	-0.075000	0.046300
2.235000	0.000000	0.051200
2.235000	0.100000	0.061100
2.235000	0.200000	0.084900
2.235000	0.300000	0.104900
2.235000	0.375000	0.136000
2.235000	0.425000	0.149400
2.235000	0.475000	0.174700
2.235000	0.525000	0.217500
2.235000	0.575000	0.255100
2.235000	0.625000	0.282300
2.235000	0.675000	0.393600
2.235000	0.725000	0.409900
2.235000	0.775000	0.478200
2.235000	0.825000	0.575100
2.235000	0.875000	0.766500
2.235000	0.925000	0.878800
2.235000	1.000000	1.029759
2.245000	-1.000000	0.000000
2.245000	-0.775000	0.021900
2.245000	-0.675000	0.025100
2.245000	-0.575000	0.044100
2.245000	-0.475000	0.043500
2.245000	-0.375000	0.040500
2.245000	-0.275000	0.039000
2.245000	-0.175000	0.048200
2.245000	-0.075000	0.046300
2.245000	0.000000	0.057300
2.245000	0.100000	0.067700
2.245000	0.200000	0.082900
2.245000	0.300000	0.115300
2.245000	0.375000	0.128500
2.245000	0.425000	0.155200
2.245000	0.475000	0.177000
2.245000	0.525000	0.237300
2.245000	0.575000	0.240200
2.245000	0.625000	0.310500
2.245000	0.675000	0.336100
2.245000	0.725000	0.409500
2.245000	0.775000	0.465300
2.245000	0.825000	0.558700
2.245000	0.875000	0.795800
2.245000	0.925000	0.795800
2.245000	1.000000	1.072977
2.255000	-1.000000	0.000000
2.255000	-0.775000	0.039500
2.255000	-0.675000	0.049000
2.255000	-0.575000	0.054000
2.255000	-0.475000	0.049000
2.255000	-0.375000	0.056000
2.255000	-0.275000	0.052700
2.255000	-0.175000	0.053900
2.255000	-0.075000	0.053100
2.255000	0.000000	0.059700
2.255000	0.100000	0.065600
2.255000	0.200000	0.089700
2.255000	0.300000	0.123900
2.255000	0.375000	0.149800
2.255000	0.425000	0.184300
2.255000	0.475000	0.208700
2.255000	0.525000	0.219800
2.255000	0.575000	0.275200
2.255000	0.625000	0.313600
2.255000	0.675000	0.354900
2.255000	0.725000	0.434900
2.255000	0.775000	0.513000
2.255000	0.825000	0.568000
2.255000	0.875000	0.785400
2.255000	0.925000	0.867300
2.255000	1.000000	0.993682
2.265000	-1.000000	0.000000
2.265000	-0.775000	0.029200
2.265000	-0.675000	0.038200
2.265000	-0.575000	0.047300
2.265000	-0.475000	0.046800
2.265000	-0.375000	0.046000
2.265000	-0.275000	0.045600
2.265000	-0.175000	0.052100
2.265000	-0.075000	0.049200
2.265000	0.000000	0.048500
2.265000	0.100000	0.072000
2.265000	0.200000	0.082000
2.265000	0.300000	0.117600
2.265000	0.375000	0.151700
2.265000	0.425000	0.168600
2.265000	0.475000	0.187300
2.265000	0.525000	0.222300
2.265000	0.575000	0.273100
2.265000	0.625000	0.329800
2.265000	0.675000	0.431800
2.265000	0.725000	0.411100
2.265000	0.775000	0.514700
2.265000	0.825000	0.555700
2.265000	0.875000	0.728000
2.265000	0.925000	0.633100
2.265000	1.000000	0.892332
2.275000	-1.000000	0.000000
2.275000	-0.775000	0.044400
2.275000	-0.675000	0.047400
2.275000	-0.575000	0.050700
2.275000	-0.475000	0.053900
2.275000	-0.375000	0.054300
2.275000	-0.275000	0.046700
2.275000	-0.175000	0.041000
2.275000	-0.075000	0.046400
2.275000	0.000000	0.051800
2.275000	0.100000	0.059100
2.275000	0.200000	0.072000
2.275000	0.300000	0.111000
2.275000	0.375000	0.130100
2.275000	0.425000	0.154900
2.275000	0.475000	0.175000
2.275000	0.525000	0.231800
2.275000	0.575000	0.288500
2.275000	0.625000	0.280800
2.275000	0.675000	0.365700
2.275000	0.725000	0.418600
2.275000	0.775000	0.503200
2.275000	0.825000	0.547000
2.275000	0.875000	0.732700
2.275000	0.925000	1.019300
2.275000	1.000000	0.962610
2.285000	-1.000000	0.000000
2.285000	-0.775000	0.044000
2.285000	-0.675000	0.044800
2.285000	-0.575000	0.051700
2.285000	-0.475000	0.045900
2.285000	-0.375000	0.058000
2.285000	-0.275000	0.049100
2.285000	-0.175000	0.036600
2.285000	-0.075000	0.037000
2.285000	0.000000	0.045200
2.285000	0.100000	0.055700
2.285000	0.200000	0.071100
2.285000	0.300000	0.099700
2.285000	0.375000	0.123900
2.285000	0.425000	0.138600
2.285000	0.475000	0.175500
2.285000	0.525000	0.185200
2.285000	0.575000	0.251000
2.285000	0.625000	0.286300
2.285000	0.675000	0.336300
2.285000	0.725000	0.344800
2.285000	0.775000	0.474700
2.285000	0.825000	0.503600
2.285000	0.875000	0.664400
2.285000	0.925000	0.653400
2.285000	1.000000	0.816599
2.295000	-1.000000	0.000000
2.295000	-0.775000	0.020500
2.295000	-0.675000	0.048000
2.295000	-0.575000	0.040900
2.295000	-0.475000	0.043300
2.295000	-0.375000	0.036200
2.295000	-0.275000	0.041100
2.295000	-0.175000	0.045900
2.295000	-0.075000	0.039400
2.295000	0.000000	0.046100
2.295000	0.100000	0.057300
2.295000	0.200000	0.072100
2.295000	0.300000	0.110500
2.295000	0.375000	0.129500
2.295000	0.425000	0.147700
2.295000	0.475000	0.181800
2.295000	0.525000	0.192800
2.295000	0.575000	0.212600
2.295000	0.625000	0.305000
2.295000	0.675000	0.353400
2.295000	0.725000	0.396300
2.295000	0.775000	0.467100
2.295000	0.825000	0.540000
2.295000	0.875000	0.724100
2.295000	0.925000	0.570900
2.295000	1.000000	0.872759
2.305000	-1.000000	0.000000
2.305000	-0.775000	0.028100
2.305000	-0.675000	0.027300
2.305000	-0.575000	0.033000
2.305000	-0.475000	0.030300
2.305000	-0.375000	0.029400
2.305000	-0.275000	0.032900
2.305000	-0.175000	0.031900
2.305000	-0.075000	0.038900
2.305000	0.000000	0.040200
2.305000	0.100000	0.046700
2.305000	0.200000	0.069800
2.305000	0.300000	0.097900
2.305000	0.375000	0.122400
2.305000	0.425000	0.141600
2.305000	0.475000	0.153600
2.305000	0.525000	0.195000
2.305000	0.575000	0.238800
2.305000	0.625000	0.256400
2.305000	0.675000	0.310900
2.305000	0.725000	0.412500
2.305000	0.775000	0.557100
2.305000	0.825000	0.556500
2.305000	0.875000	0.802900
2.305000	0.925000	0.585400
2.305000	1.000000	1.006769
2.315000	-1.000000	0.000000
2.315000	-0.775000	0.035900
2.315000	-0.675000	0.026300
2.315000	-0.575000	0.031700
2.315000	-0.475000	0.041800
2.315000	-0.375000	0.039000
2.315000	-0.275000	0.036800
2.315000	-0.175000	0.034900
2.315000	-0.075000	0.028600
2.315000	0.000000	0.033300
2.315000	0.100000	0.039900
2.315000	0.200000	0.060100
2.315000	0.300000	0.080400
2.315000	0.375000	0.097700
2.315000	0.425000	0.116300
2.315000	0.475000	0.140500
2.315000	0.525000	0.180900
2.315000	0.575000	0.196800
2.315000	0.625000	0.232800
2.315000	0.675000	0.313700
2.315000	0.725000	0.386700
2.315000	0.775000	0.444000
2.315000	0.825000	0.499500
2.315000	0.875000	0.691000
2.315000	0.925000	0.533500
2.315000	1.000000	0.804593
2.325000	-1.000000	0.000000
2.325000	-0.775000	0.025700
2.325000	-0.675000	0.032400
2.325000	-0.575000	0.031800
2.325000	-0.475000	0.027700
2.325000	-0.375000	0.043100
2.325000	-0.275000	0.029700
2.325000	-0.175000	0.024200
2.325000	-0.075000	0.027600
2.325000	0.000000	0.034300
2.325000	0.100000	0.039600
2.325000	0.200000	0.058000
2.325000	0.300000	0.082500
2.325000	0.375000	0.108100
2.325000	0.425000	0.153300
2.325000	0.475000	0.155300
2.325000	0.525000	0.208000
2.325000	0.575000	0.227300
2.325000	0.625000	0.275800
2.325000	0.675000	0.325200
2.325000	0.725000	0.415700
2.325000	0.775000	0.490500
2.325000	0.825000	0.569000
2.325000	0.875000	0.753000
2.325000	0.925000	0.626000
2.325000	1.000000	0.992378
2.335000	-1.000000	0.000000
2.335000	-0.775000	0.032800
2.335000	-0.675000	0.026000
2.335000	-0.575000	0.029500
2.335000	-0.475000	0.041700
2.335000	-0.375000	0.031300
2.335000	-0.275000	0.025300
2.335000	-0.175000	0.030300
2.335000	-0.075000	0.029600
2.335000	0.000000	0.032100
2.335000	0.100000	0.041800
2.335000	0.200000	0.055600
2.335000	0.300000	0.084300
2.335000	0.375000	0.113300
2.335000	0.425000	0.144300
2.335000	0.475000	0.167000
2.335000	0.525000	0.197100
2.335000	0.575000	0.231500
2.335000	0.625000	0.234600
2.335000	0.675000	0.353400
2.335000	0.725000	0.377600
2.335000	0.775000	0.526500
2.335000	0.825000	0.622500
2.335000	0.875000	0.797900
2.335000	0.925000	0.797000
2.335000	1.000000	1.146156
2.345000	-1.000000	0.000000
2.345000	-0.775000	0.047900
2.345000	-0.675000	0.031500
2.345000	-0.575000	0.021900
2.345000	-0.475000	0.025000
2.345000	-0.375000	0.026400
2.345000	-0.275000	0.023400
2.345000	-0.175000	0.028900
2.345000	-0.075000	0.027600
2.345000	0.000000	0.036000
2.345000	0.100000	0.037500
2.345000	0.200000	0.065200
2.345000	0.300000	0.081700
2.345000	0.375000	0.100800
2.345000	0.425000	0.123500
2.345000	0.475000	0.153200
2.345000	0.525000	0.184100
2.345000	0.575000	0.228800
2.345000	0.625000	0.270800
2.345000	0.675000	0.315000
2.345000	0.725000	0.376000
2.345000	0.775000	0.495600
2.345000	0.825000	0.637600
2.345000	0.875000	0.746500
2.345000	0.925000	0.692300
2.345000	1.000000	1.184660
2.355000	-1.000000	0.000000
2.355000	-0.775000	0.019900
2.355000	-0.675000	0.036000
2.355000	-0.575000	0.030000
2.355000	-0.475000	0.028200
2.355000	-0.375000	0.028300
2.355000	-0.275000	0.035900
2.355000	-0.175000	0.025400
2.355000	-0.075000	0.029900
2.355000	0.000000	0.035000
2.355000	0.100000	0.040500
2.355000	0.200000	0.061100
2.355000	0.300000	0.089600
2.355000	0.375000	0.112700
2.355000	0.425000	0.138900
2.355000	0.475000	0.196900
2.355000	0.525000	0.190500
2.355000	0.575000	0.247000
2.355000	0.625000	0.326100
2.355000	0.675000	0.361700
2.355000	0.725000	0.442700
2.355000	0.775000	0.503100
2.355000	0.825000	0.652700
2.355000	0.875000	0.848100
2.355000	0.925000	0.942900
2.355000	1.000000	1.167067
2.365000	-1.000000	0.000000
2.365000	-0.750000	0.021900
2.365000	-0.675000	0.020900
2.365000	-0.575000	0.025100
2.365000	-0.475000	0.028300
2.365000	-0.375000	0.024600
2.365000	-0.275000	0.025500
2.365000	-0.175000	0.023000
2.365000	-0.075000	0.025700
2.365000	0.000000	0.031100
2.365000	0.100000	0.041400
2.365000	0.200000	0.054600
2.365000	0.300000	0.093600
2.365000	0.375000	0.115600
2.365000	0.425000	0.136900
2.365000	0.475000	0.165300
2.365000	0.525000	0.210300
2.365000	0.575000	0.225100
2.365000	0.625000	0.297100
2.365000	0.675000	0.362200
2.365000	0.725000	0.512400
2.365000	0.775000	0.562200
2.365000	0.825000	0.683800
2.365000	0.875000	0.922500
2.365000	0.925000	0.827400
2.365000	1.000000	1.304842
2.375000	-1.000000	0.000000
2.375000	-0.775000	0.021600
2.375000	-0.675000	0.017900
2.375000	-0.575000	0.027200
2.375000	-0.475000	0.025900
2.375000	-0.375000	0.021300
2.375000	-0.275000	0.029000
2.375000	-0.175000	0.020900
2.375000	-0.075000	0.022800
2.375000	0.000000	0.028400
2.375000	0.100000	0.039100
2.375000	0.200000	0.061700
2.375000	0.300000	0.083000
2.375000	0.375000	0.104700
2.375000	0.425000	0.131500
2.375000	0.475000	0.180100
2.375000	0.525000	0.179700
2.375000	0.575000	0.230900
2.375000	0.625000	0.281500
2.375000	0.675000	0.354600
2.375000	0.725000	0.392100
2.375000	0.775000	0.500200
2.375000	0.825000	0.619600
2.375000	0.875000	0.686500
2.375000	0.925000	0.720800
2.375000	1.000000	0.977598
2.385000	-1.000000	0.000000
2.385000	-0.775000	0.016900
2.385000	-0.675000	0.023000
2.385000	-0.575000	0.023200
2.385000	-0.475000	0.023800
2.385000	-0.375000	0.015400
2.385000	-0.275000	0.026800
2.385000	-0.175000	0.026400
2.385000	-0.075000	0.024000
2.385000	0.000000	0.028500
2.385000	0.100000	0.038100
2.385000	0.200000	0.051900
2.385000	0.300000	0.075100
2.385000	0.375000	0.111300
2.385000	0.425000	0.129800
2.385000	0.475000	0.134500
2.385000	0.525000	0.158400
2.385000	0.575000	0.210500
2.385000	0.625000	0.227400
2.385000	0.675000	0.292200
2.385000	0.725000	0.354700
2.385000	0.775000	0.442900
2.385000	0.825000	0.569700
2.385000	0.875000	0.727000
2.385000	0.925000	0.987600
2.385000	1.000000	1.231386
2.395000	-1.000000	0.000000
2.395000	-0.775000	0.023900
2.395000	-0.675000	0.012000
2.395000	-0.575000	0.018800
2.395000	-0.475000	0.017700
2.395000	-0.375000	0.015900
2.395000	-0.275000	0.020600
2.395000	-0.175000	0.025600
2.395000	-0.075000	0.029500
2.395000	0.000000	0.031600
2.395000	0.100000	0.040800
2.395000	0.200000	0.049800
2.395000	0.300000	0.073000
2.395000	0.375000	0.091800
2.395000	0.425000	0.113000
2.395000	0.475000	0.153300
2.395000	0.525000	0.155500
2.395000	0.575000	0.201300
2.395000	0.625000	0.236700
2.395000	0.675000	0.333600
2.395000	0.725000	0.411700
2.395000	0.775000	0.479200
2.395000	0.825000	0.585800
2.395000	0.875000	0.762900
2.395000	0.925000	0.796700
2.395000	1.000000	1.266775
2.405000	-1.000000	0.000000
2.405000	-0.775000	0.013900
2.405000	-0.675000	0.016400
2.405000	-0.575000	0.019400
2.405000	-0.475000	0.021400
2.405000	-0.375000	0.015200
2.405000	-0.275000	0.017200
2.405000	-0.175000	0.018300
2.405000	-0.075000	0.024300
2.405000	0.000000	0.021500
2.405000	0.100000	0.034700
2.405000	0.200000	0.052200
2.405000	0.300000	0.079400
2.405000	0.375000	0.095600
2.405000	0.425000	0.108000
2.405000	0.475000	0.131600
2.405000	0.525000	0.160300
2.405000	0.575000	0.209900
2.405000	0.625000	0.280900
2.405000	0.675000	0.277700
2.405000	0.725000	0.423300
2.405000	0.775000	0.489400
2.405000	0.825000	0.596200
2.405000	0.875000	0.764100
2.405000	0.925000	0.984000
2.405000	1.000000	1.306413
2.415000	-1.000000	0.000000
2.415000	-0.775000	0.012900
2.415000	-0.675000	0.010000
2.415000	-0.575000	0.014700
2.415000	-0.475000	0.017900
2.415000	-0.375000	0.016900
2.415000	-0.275000	0.020000
2.415000	-0.175000	0.013500
2.415000	-0.075000	0.023100
2.415000	0.000000	0.034400
2.415000	0.100000	0.034800
2.415000	0.200000	0.060300
2.415000	0.300000	0.071300
2.415000	0.375000	0.103400
2.415000	0.425000	0.107200
2.415000	0.475000	0.133100
2.415000	0.525000	0.138300
2.415000	0.575000	0.188500
2.415000	0.625000	0.242600
2.415000	0.675000	0.291200
2.415000	0.725000	0.352000
2.415000	0.775000	0.458600
2.415000	0.825000	0.547700
2.415000	0.875000	0.794400
2.415000	0.925000	0.797700
2.415000	1.000000	1.268702
2.425000	-1.000000	0.000000
2.425000	-0.775000	0.014100
2.425000	-0.675000	0.013400
2.425000	-0.575000	0.013800
2.425000	-0.475000	0.018300
2.425000	-0.375000	0.024900
2.425000	-0.275000	0.023300
2.425000	-0.175000	0.029700
2.425000	-0.075000	0.022800
2.425000	0.000000	0.025100
2.425000	0.100000	0.033800
2.425000	0.200000	0.053400
2.425000	0.300000	0.085900
2.425000	0.375000	0.095100
2.425000	0.425000	0.124400
2.425000	0.475000	0.148900
2.425000	0.525000	0.183200
2.425000	0.575000	0.226800
2.425000	0.625000	0.287600
2.425000	0.675000	0.296100
2.425000	0.725000	0.423600
2.425000	0.775000	0.444200
2.425000	0.825000	0.615600
2.425000	0.875000	0.927500
2.425000	0.925000	0.920100
2.425000	1.000000	1.248488
2.435000	-1.000000	0.000000
2.435000	-0.775000	0.014100
2.435000	-0.675000	0.012700
2.435000	-0.575000	0.014200
2.435000	-0.500000	0.017700
2.435000	-0.375000	0.015500
2.435000	-0.275000	0.023100
2.435000	-0.175000	0.018400
2.435000	-0.075000	0.020700
2.435000	0.000000	0.031700
2.435000	0.100000	0.033300
2.435000	0.200000	0.056800
2.435000	0.300000	0.076100
2.435000	0.375000	0.097800
2.435000	0.425000	0.125400
2.435000	0.475000	0.128200
2.435000	0.525000	0.172100
2.435000	0.575000	0.204000
2.435000	0.625000	0.234800
2.435000	0.675000	0.288300
2.435000	0.725000	0.331800
2.435000	0.775000	0.494400
2.435000	0.825000	0.649500
2.435000	0.875000	0.841700
2.435000	0.925000	0.957500
2.435000	1.000000	1.483239
2.445000	-1.000000	0.000000
2.445000	-0.775000	0.018100
2.445000	-0.675000	0.010500
2.445000	-0.575000	0.010600
2.445000	-0.475000	0.009800
2.445000	-0.375000	0.015700
2.445000	-0.275000	0.018400
2.445000	-0.175000	0.016100
2.445000	-0.075000	0.024100
2.445000	0.000000	0.030500
2.445000	0.100000	0.037600
2.445000	0.200000	0.053600
2.445000	0.300000	0.073600
2.445000	0.375000	0.100400
2.445000	0.425000	0.125400
2.445000	0.475000	0.127000
2.445000	0.525000	0.165000
2.445000	0.575000	0.206800
2.445000	0.625000	0.245900
2.445000	0.675000	0.275700
2.445000	0.725000	0.384600
2.445000	0.775000	0.481200
2.445000	0.825000	0.674100
2.445000	0.875000	1.035600
2.445000	0.925000	1.033800
2.445000	1.000000	1.795486
2.455000	-1.000000	0.000000
2.455000	-0.775000	0.014000
2.455000	-0.675000	0.009500
2.455000	-0.575000	0.007900
2.455000	-0.475000	0.008900
2.455000	-0.375000	0.012600
2.455000	-0.275000	0.015800
2.455000	-0.175000	0.016600
2.455000	-0.075000	0.017800
2.455000	0.000000	0.023500
2.455000	0.100000	0.035600
2.455000	0.200000	0.050500
2.455000	0.300000	0.074800
2.455000	0.375000	0.091200
2.455000	0.425000	0.114900
2.455000	0.475000	0.126400
2.455000	0.525000	0.153700
2.455000	0.575000	0.170500
2.455000	0.625000	0.214700
2.455000	0.675000	0.253400
2.455000	0.725000	0.350600
2.455000	0.775000	0.470100
2.455000	0.825000	0.669200
2.455000	0.875000	0.870800
2.455000	0.925000	1.147700
2.455000	1.000000	1.698822
2.465000	-1.000000	0.000000
2.465000	-0.775000	0.013700
2.465000	-0.675000	0.010000
2.465000	-0.575000	0.012300
2.465000	-0.475000	0.013100
2.465000	-0.375000	0.015900
2.465000	-0.275000	0.013700
2.465000	-0.175000	0.019000
2.465000	-0.075000	0.023800
2.465000	0.000000	0.024800
2.465000	0.100000	0.032900
2.465000	0.200000	0.057000
2.465000	0.300000	0.075700
2.465000	0.375000	0.084600
2.465000	0.425000	0.102600
2.465000	0.475000	0.124900
2.465000	0.525000	0.119400
2.465000	0.575000	0.188700
2.465000	0.625000	0.220700
2.465000	0.675000	0.296200
2.465000	0.725000	0.362500
2.465000	0.775000	0.477200
2.465000	0.825000	0.715000
2.465000	0.875000	0.965800
2.465000	0.925000	1.052600
2.465000	1.000000	2.060502
2.475000	-1.000000	0.000000
2.475000	-0.775000	0.012400
2.475000	-0.675000	0.013000
2.475000	-0.575000	0.012000
2.475000	-0.475000	0.006300
2.475000	-0.375000	0.011300
2.475000	-0.275000	0.012800
2.475000	-0.175000	0.014600
2.475000	-0.075000	0.018000
2.475000	0.000000	0.018500
2.475000	0.100000	0.036500
2.475000	0.200000	0.048200
2.475000	0.300000	0.065400
2.475000	0.375000	0.068100
2.475000	0.425000	0.096900
2.475000	0.475000	0.083900
2.475000	0.525000	0.126500
2.475000	0.575000	0.175900
2.475000	0.625000	0.239800
2.475000	0.675000	0.243300
2.475000	0.725000	0.418600
2.475000	0.775000	0.532700
2.475000	0.825000	0.620300
2.475000	0.875000	0.862100
2.475000	0.925000	1.289000
2.475000	1.000000	1.887267
2.485000	-1.000000	0.000000
2.485000	-0.775000	0.010800
2.485000	-0.675000	0.006900
2.485000	-0.575000	0.005600
2.485000	-0.475000	0.007100
2.485000	-0.375000	0.009500
2.485000	-0.275000	0.010800
2.485000	-0.175000	0.016800
2.485000	-0.075000	0.018000
2.485000	0.000000	0.019300
2.485000	0.100000	0.032100
2.485000	0.200000	0.052200
2.485000	0.300000	0.065200
2.485000	0.375000	0.076900
2.485000	0.425000	0.117300
2.485000	0.475000	0.120500
2.485000	0.525000	0.162300
2.485000	0.575000	0.165800
2.485000	0.625000	0.203800
2.485000	0.675000	0.304400
2.485000	0.725000	0.329700
2.485000	0.775000	0.482200
2.485000	0.825000	0.595500
2.485000	0.875000	1.037400
2.485000	0.925000	1.131200
2.485000	1.000000	2.456641
2.495000	-1.000000	0.000000
2.495000	-0.775000	0.009000
2.495000	-0.675000	0.005200
2.495000	-0.575000	0.009500
2.495000	-0.475000	0.007000
2.495000	-0.375000	0.009300
2.495000	-0.275000	0.007100
2.495000	-0.175000	0.014600
2.495000	-0.075000	0.013200
2.495000	0.000000	0.017500
2.495000	0.100000	0.020000
2.495000	0.200000	0.041900
2.495000	0.300000	0.054200
2.495000	0.375000	0.077200
2.495000	0.425000	0.101100
2.495000	0.475000	0.101800
2.495000	0.525000	0.126700
2.495000	0.575000	0.184700
2.495000	0.625000	0.219200
2.495000	0.675000	0.301000
2.495000	0.725000	0.390000
2.495000	0.775000	0.500700
2.495000	0.825000	0.675800
2.495000	0.875000	0.934800
2.495000	0.925000	1.051400
2.495000	1.000000	1.814253
2.505000	-1.000000	0.000000
2.505000	-0.775000	0.007600
2.505000	-0.675000	0.006100
2.505000	-0.575000	0.007000
2.505000	-0.475000	0.006400
2.505000	-0.375000	0.013000
2.505000	-0.275000	0.012100
2.505000	-0.175000	0.018900
2.505000	-0.075000	0.018600
2.505000	0.000000	0.022900
2.505000	0.100000	0.029300
2.505000	0.200000	0.044500
2.505000	0.300000	0.051600
2.505000	0.375000	0.075100
2.505000	0.425000	0.083400
2.505000	0.475000	0.091500
2.505000	0.525000	0.113900
2.505000	0.575000	0.183300
2.505000	0.625000	0.208800
2.505000	0.675000	0.252200
2.505000	0.725000	0.393500
2.505000	0.775000	0.565700
2.505000	0.825000	0.719500
2.505000	0.875000	0.858100
2.505000	0.925000	1.124200
2.505000	1.000000	1.886166
2.515000	-1.000000	0.000000
2.515000	-0.775000	0.005200
2.515000	-0.675000	0.006900
2.515000	-0.575000	0.004600
2.515000	-0.475000	0.008300
2.515000	-0.375000	0.007500
2.515000	-0.275000	0.009800
2.515000	-0.175000	0.010600
2.515000	-0.075000	0.011400
2.515000	0.000000	0.016200
2.515000	0.100000	0.026300
2.515000	0.200000	0.035000
2.515000	0.300000	0.052800
2.515000	0.375000	0.074300
2.515000	0.425000	0.084500
2.515000	0.475000	0.087400
2.515000	0.525000	0.146500
2.515000	0.575000	0.175300
2.515000	0.625000	0.247800
2.515000	0.675000	0.264900
2.515000	0.725000	0.375100
2.515000	0.775000	0.483200
2.515000	0.825000	0.652400
2.515000	0.875000	0.918500
2.515000	0.925000	1.251500
2.515000	1.000000	1.962783
2.525000	-1.000000	0.000000
2.525000	-0.775000	0.017900
2.525000	-0.675000	0.005600
2.525000	-0.575000	0.009500
2.525000	-0.475000	0.006700
2.525000	-0.375000	0.010800
2.525000	-0.275000	0.014600
2.525000	-0.175000	0.011400
2.525000	-0.075000	0.015000
2.525000	0.000000	0.015700
2.525000	0.100000	0.024600
2.525000	0.200000	0.036900
2.525000	0.300000	0.050000
2.525000	0.375000	0.069100
2.525000	0.425000	0.078600
2.525000	0.475000	0.096300
2.525000	0.525000	0.137400
2.525000	0.575000	0.168200
2.525000	0.625000	0.228900
2.525000	0.675000	0.288500
2.525000	0.725000	0.365300
2.525000	0.775000	0.575100
2.525000	0.825000	0.750000
2.525000	0.875000	0.949800
2.525000	0.925000	1.144900
2.525000	1.000000	2.009134
2.535000	-1.000000	0.000000
2.535000	-0.775000	0.007900
2.535000	-0.675000	0.006400
2.535000	-0.575000	0.004700
2.535000	-0.475000	0.004400
2.535000	-0.375000	0.011500
2.535000	-0.275000	0.007600
2.535000	-0.175000	0.012100
2.535000	-0.075000	0.015900
2.535000	0.000000	0.016300
2.535000	0.100000	0.023100
2.535000	0.200000	0.031600
2.535000	0.300000	0.056400
2.535000	0.375000	0.077400
2.535000	0.425000	0.097100
2.535000	0.475000	0.114100
2.535000	0.525000	0.128900
2.535000	0.575000	0.175200
2.535000	0.625000	0.221900
2.535000	0.675000	0.276400
2.535000	0.725000	0.404600
2.535000	0.775000	0.567100
2.535000	0.825000	0.660600
2.535000	0.875000	0.997300
2.535000	0.925000	1.388300
2.535000	1.000000	2.152813
2.545000	-1.000000	0.000000
2.545000	-0.775000	0.004400
2.545000	-0.675000	0.007400
2.545000	-0.575000	0.005600
2.545000	-0.475000	0.006300
2.545000	-0.375000	0.011000
2.545000	-0.275000	0.011700
2.545000	-0.175000	0.011100
2.545000	-0.075000	0.010300
2.545000	0.000000	0.016200
2.545000	0.100000	0.025300
2.545000	0.200000	0.035800
2.545000	0.300000	0.054200
2.545000	0.375000	0.079700
2.545000	0.425000	0.093000
2.545000	0.475000	0.104500
2.545000	0.525000	0.140800
2.545000	0.575000	0.220700
2.545000	0.625000	0.243600
2.545000	0.675000	0.344600
2.545000	0.725000	0.440900
2.545000	0.775000	0.588900
2.545000	0.825000	0.882100
2.545000	0.875000	1.071400
2.545000	0.925000	1.387700
2.545000	1.000000	2.289907
2.555000	-1.000000	0.000000
2.555000	-0.775000	0.006700
2.555000	-0.675000	0.003400
2.555000	-0.575000	0.006300
2.555000	-0.475000	0.003300
2.555000	-0.375000	0.006300
2.555000	-0.275000	0.007200
2.555000	-0.175000	0.008000
2.555000	-0.075000	0.010100
2.555000	0.000000	0.013100
2.555000	0.100000	0.020800
2.555000	0.200000	0.037400
2.555000	0.300000	0.063400
2.555000	0.375000	0.089800
2.555000	0.425000	0.082500
2.555000	0.475000	0.096500
2.555000	0.525000	0.165800
2.555000	0.575000	0.193700
2.555000	0.625000	0.232900
2.555000	0.675000	0.294700
2.555000	0.725000	0.396400
2.555000	0.775000	0.560700
2.555000	0.825000	0.703300
2.555000	0.875000	1.004800
2.555000	0.925000	1.383800
2.555000	1.000000	2.853793
2.565000	-1.000000	0.000000
2.565000	-0.775000	0.008900
2.565000	-0.675000	0.004500
2.565000	-0.575000	0.004200
2.565000	-0.475000	0.003700
2.565000	-0.375000	0.004400
2.565000	-0.275000	0.008300
2.565000	-0.175000	0.009500
2.565000	-0.075000	0.010000
2.565000	0.000000	0.013400
2.565000	0.100000	0.024400
2.565000	0.200000	0.035400
2.565000	0.300000	0.053500
2.565000	0.375000	0.069600
2.565000	0.425000	0.099300
2.565000	0.475000	0.116200
2.565000	0.525000	0.151700
2.565000	0.575000	0.195100
2.565000	0.625000	0.243100
2.565000	0.675000	0.330700
2.565000	0.725000	0.420500
2.565000	0.775000	0.620600
2.565000	0.825000	0.814200
2.565000	0.875000	1.095900
2.565000	0.925000	1.513000
2.565000	1.000000	2.482249
2.575000	-1.000000	0.000000
2.575000	-0.775000	0.016300
2.575000	-0.675000	0.002400
2.575000	-0.575000	0.006100
2.575000	-0.475000	0.004800
2.575000	-0.375000	0.002700
2.575000	-0.275000	0.003500
2.575000	-0.175000	0.006400
2.575000	-0.075000	0.009700
2.575000	0.000000	0.013900
2.575000	0.100000	0.015400
2.575000	0.200000	0.032300
2.575000	0.300000	0.044900
2.575000	0.375000	0.067900
2.575000	0.425000	0.063600
2.575000	0.475000	0.113000
2.575000	0.525000	0.133600
2.575000	0.575000	0.165900
2.575000	0.625000	0.200800
2.575000	0.675000	0.266600
2.575000	0.725000	0.392900
2.575000	0.775000	0.541500
2.575000	0.825000	0.700600
2.575000	0.875000	0.939600
2.575000	0.925000	1.164200
2.575000	1.000000	2.085030
2.585000	-1.000000	0.000000
2.585000	-0.775000	0.006100
2.585000	-0.675000	0.003700
2.585000	-0.575000	0.004800
2.585000	-0.500000	0.002300
2.585000	-0.375000	0.004200
2.585000	-0.275000	0.004500
2.585000	-0.175000	0.007000
2.585000	-0.075000	0.010600
2.585000	0.000000	0.013000
2.585000	0.100000	0.018400
2.585000	0.200000	0.025300
2.585000	0.300000	0.053400
2.585000	0.375000	0.062800
2.585000	0.425000	0.075000
2.585000	0.475000	0.093400
2.585000	0.525000	0.112100
2.585000	0.575000	0.158800
2.585000	0.625000	0.227400
2.585000	0.675000	0.278000
2.585000	0.725000	0.381300
2.585000	0.775000	0.550300
2.585000	0.825000	0.640400
2.585000	0.875000	1.073300
2.585000	0.925000	1.530700
2.585000	1.000000	2.357825
2.595000	-1.000000	0.000000
2.595000	-0.750000	0.000700
2.595000	-0.675000	0.002000
2.595000	-0.575000	0.001600
2.595000	-0.475000	0.002100
2.595000	-0.375000	0.002300
2.595000	-0.275000	0.005100
2.595000	-0.175000	0.004800
2.595000	-0.075000	0.006900
2.595000	0.000000	0.010500
2.595000	0.100000	0.014500
2.595000	0.200000	0.027600
2.595000	0.300000	0.040600
2.595000	0.375000	0.056600
2.595000	0.425000	0.062300
2.595000	0.475000	0.089600
2.595000	0.525000	0.124500
2.595000	0.575000	0.157800
2.595000	0.625000	0.210900
2.595000	0.675000	0.245100
2.595000	0.725000	0.333700
2.595000	0.775000	0.509100
2.595000	0.825000	0.603700
2.595000	0.875000	1.025300
2.595000	0.925000	1.552400
2.595000	1.000000	4.147055
2.605000	-1.000000	0.000000
2.605000	-0.800000	0.002900
2.605000	-0.675000	0.002300
2.605000	-0.550000	0.002100
2.605000	-0.475000	0.002500
2.605000	-0.375000	0.005000
2.605000	-0.275000	0.004000
2.605000	-0.175000	0.004900
2.605000	-0.075000	0.005900
2.605000	0.000000	0.005200
2.605000	0.100000	0.015900
2.605000	0.200000	0.022600
2.605000	0.300000	0.033800
2.605000	0.375000	0.050200
2.605000	0.425000	0.068800
2.605000	0.475000	0.078900
2.605000	0.525000	0.109000
2.605000	0.575000	0.152800
2.605000	0.625000	0.210000
2.605000	0.675000	0.226700
2.605000	0.725000	0.378300
2.605000	0.775000	0.450900
2.605000	0.825000	0.594300
2.605000	0.875000	0.989900
2.605000	0.925000	1.508700
2.605000	1.000000	2.264906
2.615000	-1.000000	0.000000
2.615000	-0.775000	0.016300
2.615000	-0.675000	0.006400
2.615000	-0.575000	0.004900
2.615000	-0.475000	0.004500
2.615000	-0.375000	0.006400
2.615000	-0.275000	0.005900
2.615000	-0.175000	0.006600
2.615000	-0.075000	0.006700
2.615000	0.000000	0.011500
2.615000	0.100000	0.015900
2.615000	0.200000	0.027300
2.615000	0.300000	0.041500
2.615000	0.375000	0.052800
2.615000	0.425000	0.089400
2.615000	0.475000	0.091900
2.615000	0.525000	0.120800
2.615000	0.575000	0.169900
2.615000	0.625000	0.198900
2.615000	0.675000	0.303300
2.615000	0.725000	0.407800
2.615000	0.775000	0.504100
2.615000	0.825000	0.769300
2.615000	0.875000	1.088200
2.615000	0.925000	1.597700
2.615000	1.000000	2.540765
2.625000	-1.000000	0.000000
2.625000	-0.775000	0.013700
2.625000	-0.675000	0.004600
2.625000	-0.575000	0.003900
2.625000	-0.475000	0.007300
2.625000	-0.375000	0.004500
2.625000	-0.275000	0.006000
2.625000	-0.175000	0.006300
2.625000	-0.075000	0.008200
2.625000	0.000000	0.008400
2.625000	0.100000	0.012000
2.625000	0.200000	0.023200
2.625000	0.300000	0.037800
2.625000	0.375000	0.052400
2.625000	0.425000	0.068100
2.625000	0.475000	0.087400
2.625000	0.525000	0.098100
2.625000	0.575000	0.133000
2.625000	0.625000	0.205400
2.625000	0.675000	0.276000
2.625000	0.725000	0.432200
2.625000	0.775000	0.498300
2.625000	0.825000	0.716200
2.625000	0.875000	1.174500
2.625000	0.925000	1.469400
2.625000	1.000000	2.721153
2.635000	-1.000000	0.000000
2.635000	-0.775000	0.004100
2.635000	-0.675000	0.002900
2.635000	-0.575000	0.005100
2.635000	-0.475000	0.004700
2.635000	-0.375000	0.003300
2.635000	-0.275000	0.005700
2.635000	-0.175000	0.006400
2.635000	-0.075000	0.007500
2.635000	0.000000	0.006700
2.635000	0.100000	0.013300
2.635000	0.200000	0.020100
2.635000	0.300000	0.036600
2.635000	0.375000	0.053000
2.635000	0.425000	0.069200
2.635000	0.475000	0.065300
2.635000	0.525000	0.113500
2.635000	0.575000	0.167800
2.635000	0.625000	0.203500
2.635000	0.675000	0.275900
2.635000	0.725000	0.389900
2.635000	0.775000	0.468900
2.635000	0.825000	0.654000
2.635000	0.875000	0.967900
2.635000	0.925000	1.363700
2.635000	1.000000	2.133158
2.645000	-1.000000	0.000000
2.645000	-0.775000	0.010400
2.645000	-0.675000	0.006400
2.645000	-0.575000	0.002200
2.645000	-0.475000	0.004400
2.645000	-0.375000	0.004700
2.645000	-0.275000	0.004100
2.645000	-0.175000	0.002500
2.645000	-0.075000	0.003200
2.645000	0.000000	0.007000
2.645000	0.100000	0.009400
2.645000	0.200000	0.018300
2.645000	0.300000	0.032100
2.645000	0.375000	0.056600
2.645000	0.425000	0.063300
2.645000	0.475000	0.079100
2.645000	0.525000	0.109500
2.645000	0.575000	0.134000
2.645000	0.625000	0.199500
2.645000	0.675000	0.253700
2.645000	0.725000	0.338500
2.645000	0.775000	0.491900
2.645000	0.825000	0.709100
2.645000	0.875000	0.984700
2.645000	0.925000	1.415000
2.645000	1.000000	2.264240
2.655000	-1.000000	0.000000
2.655000	-0.775000	0.005000
2.655000	-0.675000	0.005300
2.655000	-0.575000	0.007000
2.655000	-0.475000	0.004800
2.655000	-0.375000	0.003600
2.655000	-0.275000	0.006300
2.655000	-0.175000	0.006700
2.655000	-0.075000	0.006300
2.655000	0.000000	0.010800
2.655000	0.100000	0.012700
2.655000	0.200000	0.017700
2.655000	0.300000	0.027500
2.655000	0.375000	0.049000
2.655000	0.425000	0.066200
2.655000	0.475000	0.077400
2.655000	0.525000	0.112700
2.655000	0.575000	0.144100
2.655000	0.625000	0.195000
2.655000	0.675000	0.259700
2.655000	0.725000	0.366200
2.655000	0.775000	0.568900
2.655000	0.825000	0.705300
2.655000	0.875000	1.074300
2.655000	0.925000	1.604600
2.655000	1.000000	2.654595
2.665000	-1.000000	0.000000
2.665000	-0.775000	0.003700
2.665000	-0.675000	0.002300
2.665000	-0.575000	0.002800
2.665000	-0.475000	0.002200
2.665000	-0.375000	0.002600
2.665000	-0.275000	0.003300
2.665000	-0.175000	0.002500
2.665000	-0.075000	0.005800
2.665000	0.000000	0.005900
2.665000	0.100000	0.010800
2.665000	0.200000	0.016300
2.665000	0.300000	0.027800
2.665000	0.375000	0.046500
2.665000	0.425000	0.057600
2.665000	0.475000	0.069600
2.665000	0.525000	0.105900
2.665000	0.575000	0.146500
2.665000	0.625000	0.181400
2.665000	0.675000	0.223300
2.665000	0.725000	0.345500
2.665000	0.775000	0.554900
2.665000	0.825000	0.749000
2.665000	0.875000	0.994400
2.665000	0.925000	1.731400
2.665000	1.000000	2.742918
2.675000	-1.000000	0.000000
2.675000	-0.775000	0.006800
2.675000	-0.675000	0.008000
2.675000	-0.575000	0.004500
2.675000	-0.475000	0.005500
2.675000	-0.375000	0.002300
2.675000	-0.275000	0.002500
2.675000	-0.175000	0.003300
2.675000	-0.075000	0.002900
2.675000	0.000000	0.004400
2.675000	0.100000	0.007400
2.675000	0.200000	0.012700
2.675000	0.300000	0.027500
2.675000	0.375000	0.035100
2.675000	0.425000	0.060400
2.675000	0.475000	0.077400
2.675000	0.525000	0.102700
2.675000	0.575000	0.140300
2.675000	0.625000	0.206500
2.675000	0.675000	0.226600
2.675000	0.725000	0.347600
2.675000	0.775000	0.560600
2.675000	0.825000	0.736900
2.675000	0.875000	1.140700
2.675000	0.925000	2.263100
2.675000	1.000000	11.784604
2.685000	-1.000000	0.000000
2.685000	-0.775000	0.008100
2.685000	-0.675000	0.004800
2.685000	-0.575000	0.005500
2.685000	-0.500000	0.002400
2.685000	-0.375000	0.005900
2.685000	-0.275000	0.004100
2.685000	-0.175000	0.003200
2.685000	-0.075000	0.003300
2.685000	0.000000	0.004800
2.685000	0.100000	0.008700
2.685000	0.200000	0.014600
2.685000	0.300000	0.033200
2.685000	0.375000	0.050100
2.685000	0.425000	0.053200
2.685000	0.475000	0.077500
2.685000	0.525000	0.105000
2.685000	0.575000	0.153200
2.685000	0.625000	0.162900
2.685000	0.675000	0.252000
2.685000	0.725000	0.357300
2.685000	0.775000	0.537900
2.685000	0.825000	0.809800
2.685000	0.875000	1.032600
2.685000	0.925000	1.746800
2.685000	1.000000	2.733097
2.695000	-1.000000	0.000000
2.695000	-0.775000	0.013200
2.695000	-0.675000	0.004900
2.695000	-0.575000	0.003300
2.695000	-0.475000	0.002900
2.695000	-0.375000	0.003600
2.695000	-0.275000	0.002500
2.695000	-0.175000	0.003900
2.695000	-0.075000	0.002700
2.695000	0.000000	0.003800
2.695000	0.100000	0.006700
2.695000	0.200000	0.020600
2.695000	0.300000	0.030200
2.695000	0.375000	0.041900
2.695000	0.425000	0.055400
2.695000	0.475000	0.055500
2.695000	0.525000	0.085700
2.695000	0.575000	0.144100
2.695000	0.625000	0.214300
2.695000	0.675000	0.264900
2.695000	0.725000	0.382100
2.695000	0.775000	0.519800
2.695000	0.825000	0.754500
2.695000	0.875000	1.158700
2.695000	0.925000	1.773900
2.695000	1.000000	3.024093
2.705000	-1.000000	0.000000
2.705000	-0.775000	0.012600
2.705000	-0.675000	0.003100
2.705000	-0.575000	0.004900
2.705000	-0.475000	0.002000
2.705000	-0.375000	0.005200
2.705000	-0.275000	0.003100
2.705000	-0.175000	0.005400
2.705000	-0.075000	0.003300
2.705000	0.000000	0.003800
2.705000	0.100000	0.008500
2.705000	0.200000	0.016400
2.705000	0.300000	0.026200
2.705000	0.375000	0.039800
2.705000	0.425000	0.051600
2.705000	0.475000	0.066500
2.705000	0.525000	0.089000
2.705000	0.575000	0.125800
2.705000	0.625000	0.192300
2.705000	0.675000	0.238400
2.705000	0.725000	0.353500
2.705000	0.775000	0.510800
2.705000	0.825000	0.765900
2.705000	0.875000	1.142800
2.705000	0.925000	1.760200
2.705000	1.000000	3.139160
2.715000	-1.000000	0.000000
2.715000	-0.775000	0.014000
2.715000	-0.675000	0.008400
2.715000	-0.575000	0.005500
2.715000	-0.475000	0.005500
2.715000	-0.375000	0.003400
2.715000	-0.275000	0.003300
2.715000	-0.175000	0.003600
2.715000	-0.075000	0.003600
2.715000	0.000000	0.004300
2.715000	0.100000	0.009400
2.715000	0.200000	0.015900
2.715000	0.300000	0.028000
2.715000	0.375000	0.045500
2.715000	0.425000	0.052300
2.715000	0.475000	0.067500
2.715000	0.525000	0.085400
2.715000	0.575000	0.113200
2.715000	0.625000	0.185100
2.715000	0.675000	0.259300
2.715000	0.725000	0.361200
2.715000	0.775000	0.542900
2.715000	0.825000	0.761400
2.715000	0.875000	1.301800
2.715000	0.925000	1.780300
2.715000	1.000000	3.436159
2.725000	-1.000000	0.000000
2.725000	-0.775000	0.002300
2.725000	-0.675000	0.001900
2.725000	-0.575000	0.002600
2.725000	-0.475000	0.001500
2.725000	-0.375000	0.004000
2.725000	-0.275000	0.004700
2.725000	-0.175000	0.003100
2.725000	-0.075000	0.002300
2.725000	0.000000	0.004200
2.725000	0.100000	0.006700
2.725000	0.200000	0.012600
2.725000	0.300000	0.026800
2.725000	0.375000	0.032800
2.725000	0.425000	0.048600
2.725000	0.475000	0.054400
2.725000	0.525000	0.104100
2.725000	0.575000	0.140700
2.725000	0.625000	0.197700
2.725000	0.675000	0.212900
2.725000	0.725000	0.396300
2.725000	0.775000	0.563700
2.725000	0.825000	0.703900
2.725000	0.875000	1.199800
2.725000	0.925000	2.233500
2.725000	1.000000	3.014585
2.735000	-1.000000	0.000000
2.735000	-0.775000	0.010600
2.735000	-0.675000	0.005100
2.735000	-0.575000	0.004300
2.735000	-0.475000	0.003800
2.735000	-0.375000	0.001100
2.735000	-0.275000	0.003600
2.735000	-0.175000	0.002600
2.735000	-0.075000	0.003700
2.735000	0.000000	0.003000
2.735000	0.100000	0.004300
2.735000	0.200000	0.013300
2.735000	0.300000	0.023000
2.735000	0.375000	0.040400
2.735000	0.425000	0.042600
2.735000	0.475000	0.059500
2.735000	0.525000	0.083400
2.735000	0.575000	0.117200
2.735000	0.625000	0.166200
2.735000	0.675000	0.207300
2.735000	0.725000	0.319600
2.735000	0.775000	0.451200
2.735000	0.825000	0.716800
2.735000	0.875000	0.850300
2.735000	0.925000	1.536200
2.735000	1.000000	2.371514
2.745000	-1.000000	0.000000
2.745000	-0.800000	0.021200
2.745000	-0.675000	0.006600
2.745000	-0.575000	0.006700
2.745000	-0.475000	0.004500
2.745000	-0.375000	0.002700
2.745000	-0.300000	0.004300
2.745000	-0.175000	0.001400
2.745000	-0.075000	0.002000
2.745000	0.000000	0.002600
2.745000	0.100000	0.004100
2.745000	0.200000	0.008700
2.745000	0.300000	0.016300
2.745000	0.375000	0.029300
2.745000	0.425000	0.031700
2.745000	0.475000	0.040100
2.745000	0.525000	0.077500
2.745000	0.575000	0.089700
2.745000	0.625000	0.133400
2.745000	0.675000	0.177600
2.745000	0.725000	0.260300
2.745000	0.775000	0.390600
2.745000	0.825000	0.534500
2.745000	0.875000	0.746600
2.745000	0.925000	1.841500
2.745000	1.000000	2.074116
2.755000	-1.000000	0.000000
2.755000	-0.775000	0.006700
2.755000	-0.675000	0.003300
2.755000	-0.575000	0.004000
2.755000	-0.475000	0.002900
2.755000	-0.375000	0.002600
2.755000	-0.275000	0.003300
2.755000	-0.175000	0.002800
2.755000	-0.075000	0.002400
2.755000	0.000000	0.002500
2.755000	0.100000	0.007000
2.755000	0.200000	0.011900
2.755000	0.300000	0.023200
2.755000	0.375000	0.032800
2.755000	0.425000	0.040100
2.755000	0.475000	0.056500
2.755000	0.525000	0.064800
2.755000	0.575000	0.096900
2.755000	0.625000	0.173300
2.755000	0.675000	0.224800
2.755000	0.725000	0.368100
2.755000	0.775000	0.498500
2.755000	0.825000	0.711100
2.755000	0.875000	1.057300
2.755000	0.925000	1.306600
2.755000	1.000000	2.157496
2.765000	-1.000000	0.000000
2.765000	-0.775000	0.014000
2.765000	-0.675000	0.008000
2.765000	-0.575000	0.004500
2.765000	-0.475000	0.003300
2.765000	-0.375000	0.005100
2.765000	-0.275000	0.002400
2.765000	-0.175000	0.001900
2.765000	-0.075000	0.002000
2.765000	0.000000	0.003300
2.765000	0.100000	0.002600
2.765000	0.200000	0.010100
2.765000	0.300000	0.021300
2.765000	0.375000	0.034900
2.765000	0.425000	0.047500
2.765000	0.475000	0.056400
2.765000	0.525000	0.089500
2.765000	0.575000	0.110800
2.765000	0.625000	0.170300
2.765000	0.675000	0.219500
2.765000	0.725000	0.360400
2.765000	0.775000	0.557100
2.765000	0.825000	0.798700
2.765000	0.875000	1.343700
2.765000	0.925000	1.900100
2.765000	1.000000	2.353376
2.775000	-1.000000	0.000000
2.775000	-0.775000	0.007600
2.775000	-0.675000	0.006100
2.775000	-0.575000	0.002700
2.775000	-0.475000	0.002900
2.775000	-0.375000	0.002900
2.775000	-0.275000	0.002900
2.775000	-0.175000	0.001600
2.775000	-0.075000	0.001700
2.775000	0.000000	0.003000
2.775000	0.100000	0.004300
2.775000	0.200000	0.007700
2.775000	0.300000	0.017100
2.775000	0.375000	0.023200
2.775000	0.425000	0.046700
2.775000	0.475000	0.052900
2.775000	0.525000	0.067700
2.775000	0.575000	0.122600
2.775000	0.625000	0.157400
2.775000	0.675000	0.202900
2.775000	0.725000	0.320900
2.775000	0.775000	0.480000
2.775000	0.825000	0.681700
2.775000	0.875000	1.074500
2.775000	0.925000	1.216100
2.775000	1.000000	2.474782
2.785000	-1.000000	0.000000
2.785000	-0.775000	0.004800
2.785000	-0.675000	0.004700
2.785000	-0.575000	0.002700
2.785000	-0.500000	0.004400
2.785000	-0.375000	0.002900
2.785000	-0.275000	0.002800
2.785000	-0.175000	0.003000
2.785000	-0.075000	0.001700
2.785000	0.000000	0.002300
2.785000	0.100000	0.004400
2.785000	0.200000	0.007900
2.785000	0.300000	0.018000
2.785000	0.375000	0.029800
2.785000	0.425000	0.030100
2.785000	0.475000	0.051100
2.785000	0.525000	0.066200
2.785000	0.575000	0.117000
2.785000	0.625000	0.155200
2.785000	0.675000	0.198100
2.785000	0.725000	0.349100
2.785000	0.775000	0.477100
2.785000	0.825000	0.743400
2.785000	0.875000	1.066100
2.785000	0.925000	2.172800
2.785000	1.000000	3.201227
2.795000	-1.000000	0.000000
2.795000	-0.750000	0.002700
2.795000	-0.675000	0.006200
2.795000	-0.575000	0.003800
2.795000	-0.500000	0.005600
2.795000	-0.375000	0.003100
2.795000	-0.275000	0.003300
2.795000	-0.175000	0.001400
2.795000	-0.075000	0.001200
2.795000	0.000000	0.001800
2.795000	0.100000	0.003600
2.795000	0.200000	0.010300
2.795000	0.300000	0.017100
2.795000	0.375000	0.029400
2.795000	0.425000	0.041800
2.795000	0.475000	0.054100
2.795000	0.525000	0.064900
2.795000	0.575000	0.108000
2.795000	0.625000	0.145200
2.795000	0.675000	0.234400
2.795000	0.725000	0.307500
2.795000	0.775000	0.485000
2.795000	0.825000	0.788100
2.795000	0.875000	1.005700
2.795000	0.925000	1.409300
2.795000	1.000000	2.323130
2.805000	-1.000000	0.000000
2.805000	-0.775000	0.003400
2.805000	-0.675000	0.002300
2.805000	-0.575000	0.002300
2.805000	-0.500000	0.003100
2.805000	-0.375000	0.001400
2.805000	-0.275000	0.001600
2.805000	-0.175000	0.001800
2.805000	-0.075000	0.002500
2.805000	0.000000	0.002200
2.805000	0.100000	0.003000
2.805000	0.200000	0.010000
2.805000	0.300000	0.020200
2.805000	0.375000	0.027900
2.805000	0.425000	0.037500
2.805000	0.475000	0.055800
2.805000	0.525000	0.071700
2.805000	0.575000	0.106900
2.805000	0.625000	0.140600
2.805000	0.675000	0.217500
2.805000	0.725000	0.376800
2.805000	0.775000	0.502900
2.805000	0.825000	0.796700
2.805000	0.875000	1.048100
2.805000	0.925000	1.600200
2.805000	1.000000	3.026493
2.815000	-1.000000	0.000000
2.815000	-0.775000	0.000700
2.815000	-0.675000	0.003100
2.815000	-0.575000	0.001400
2.815000	-0.475000	0.002300
2.815000	-0.375000	0.000900
2.815000	-0.275000	0.001400
2.815000	-0.175000	0.002800
2.815000	-0.100000	0.000900
2.815000	0.000000	0.002100
2.815000	0.100000	0.004600
2.815000	0.200000	0.008000
2.815000	0.300000	0.014200
2.815000	0.375000	0.021900
2.815000	0.425000	0.038900
2.815000	0.475000	0.041700
2.815000	0.525000	0.070100
2.815000	0.575000	0.111000
2.815000	0.625000	0.153000
2.815000	0.675000	0.243500
2.815000	0.725000	0.304400
2.815000	0.775000	0.471700
2.815000	0.825000	0.758100
2.815000	0.875000	1.153100
2.815000	0.925000	1.846800
2.815000	1.000000	3.339376
2.825000	-1.000000	0.000000
2.825000	-0.775000	0.006300
2.825000	-0.675000	0.002900
2.825000	-0.575000	0.001800
2.825000	-0.500000	0.002500
2.825000	-0.375000	0.003000
2.825000	-0.275000	0.003000
2.825000	-0.175000	0.001300
2.825000	-0.075000	0.001000
2.825000	0.000000	0.001500
2.825000	0.100000	0.003600
2.825000	0.200000	0.009000
2.825000	0.300000	0.012900
2.825000	0.375000	0.027800
2.825000	0.425000	0.034400
2.825000	0.475000	0.048400
2.825000	0.525000	0.075400
2.825000	0.575000	0.090500
2.825000	0.625000	0.157200
2.825000	0.675000	0.224600
2.825000	0.725000	0.337200
2.825000	0.775000	0.482100
2.825000	0.825000	0.725800
2.825000	0.875000	1.197700
2.825000	0.925000	1.868600
2.825000	1.000000	3.378802
2.835000	-1.000000	0.000000
2.835000	-0.750000	0.006200
2.835000	-0.675000	0.009100
2.835000	-0.575000	0.002400
2.835000	-0.450000	0.001700
2.835000	-0.375000	0.001400
2.835000	-0.275000	0.002500
2.835000	-0.175000	0.001600
2.835000	-0.100000	0.000800
2.835000	0.000000	0.001700
2.835000	0.100000	0.004200
2.835000	0.200000	0.006500
2.835000	0.300000	0.013200
2.835000	0.375000	0.019100
2.835000	0.425000	0.027500
2.835000	0.475000	0.038900
2.835000	0.525000	0.061600
2.835000	0.575000	0.100100
2.835000	0.625000	0.142300
2.835000	0.675000	0.177300
2.835000	0.725000	0.280900
2.835000	0.775000	0.403000
2.835000	0.825000	0.728800
2.835000	0.875000	0.943800
2.835000	0.925000	1.223800
2.835000	1.000000	2.670791
